,movie,production_budget,domestic_gross,worldwide_gross,total_gross,profit
3954,(500) Days of Summer,7500000,32425665,34439060,66864725,59364725
4253,10 Cloverfield Lane,5000000,72082999,108286422,180369421,175369421
3262,10 Things I Hate About You,13000000,38177966,60413950,98591916,85591916
350,"10,000 B.C.",105000000,94784201,269065678,363849879,258849879
505,102 Dalmatians,85000000,66941559,66941559,133883118,48883118
2017,12 Monkeys,29000000,57141459,168841459,225982918,196982918
2636,12 Rounds,20000000,12234694,17306648,29541342,9541342
1663,12 Strong,35000000,45819713,71118378,116938091,81938091
2517,12 Years a Slave,20000000,56671993,181025343,237697336,217697336
2805,127 Hours,18000000,18335230,60217171,78552401,60552401
1595,13 Going On 30,37000000,57139723,97658712,154798435,117798435
1129,13 Hours: The Secret Soldiers of Benghazi,50000000,52853219,69411370,122264589,72264589
2401,1408,22500000,71985628,131263370,203248998,180748998
1359,15 Minutes,42000000,24375436,56331864,80707300,38707300
1292,16 Blocks,45000000,36895141,65595141,102490282,57490282
1419,17 Again,40000000,64167069,139474906,203641975,163641975
1803,1941,32000000,34175000,94875000,129050000,97050000
622,2 Fast 2 Furious,76000000,127120058,236410607,363530665,287530665
2585,2 For the Money,20000000,22991379,30491379,53482758,33482758
838,2 Guns,61000000,75612460,132493015,208105475,147105475
5708,20 Dates,66000,541636,602920,1144556,1078556
5236,20 Feet From Stardom,1000000,4946250,5892466,10838716,9838716
4270,"20,000 Leagues Under the Sea",5000000,28200000,28200000,56400000,51400000
4150,200 Cigarettes,6000000,6852450,6852450,13704900,7704900
3526,2001: A Space Odyssey,10500000,59936321,71928046,131864367,121364367
58,2012,200000000,166112167,757677748,923789915,723789915
4812,2016: Obamaâs America,2500000,33349941,33349941,66699882,64199882
3430,2046,12000000,1442338,19287485,20729823,8729823
1638,21,35000000,81159365,159846429,241005794,206005794
2612,21 Grams,20000000,16248701,59667625,75916326,55916326
1343,21 Jump Street,42000000,138447667,202812429,341260096,299260096
3269,21 and Over,13000000,25682380,42195766,67878146,54878146
1084,22 Jump Street,50000000,191719337,331333876,523053213,473053213
5263,23 Blast,1000000,549185,549185,1098370,98370
4428,25th Hour,4500000,13084595,25344490,38429085,33929085
1862,27 Dresses,30000000,76808654,160247805,237056459,207056459
1336,28 Days,43000000,37035515,62063972,99099487,56099487
3868,28 Days Laterâ¦,8000000,45064915,82955633,128020548,120020548
3053,28 Weeks Later,15000000,28638916,64232714,92871630,77871630
2063,3 Days to Kill,28000000,30697999,38959900,69657899,41657899
2995,3 Men and a Baby,15000000,167780960,167780960,335561920,320561920
2638,3 Ninjas Kick Back,20000000,11744960,11744960,23489920,3489920
4500,3 Strikes,4000000,9821335,9821335,19642670,15642670
1915,30 Days of Night,30000000,39568996,80276156,119845152,89845152
2059,30 Minutes or Less,28000000,37053924,40966716,78020640,50020640
844,300,60000000,210614939,454161935,664776874,604776874
325,300: Rise of an Empire,110000000,106580051,330780051,437360102,327360102
5084,31,1500000,779820,922727,1702547,202547
1224,3:10 to Yuma,48000000,53606916,71171825,124778741,76778741
5339,"4 luni, 3 saptamani si 2 zile",900000,1196321,11993156,13189477,12289477
2882,40 Days and 40 Nights,17000000,37939782,95092667,133032449,116032449
1821,42,31000000,95020213,97470701,192490914,161490914
5502,42nd Street,439000,1438000,2281000,3719000,3280000
111,47 Ronin,175000000,38362475,151716815,190079290,15079290
638,50 First Dates,75000000,120776832,196320329,317097161,242097161
3872,50/50,8000000,35016118,41334735,76350853,68350853
3278,54,13000000,16757163,16757163,33514326,20514326
2898,55 Days at Peking,17000000,10000000,10000000,20000000,3000000
4717,8 Heads in a Duffel Bag,3000000,3602884,4002884,7605768,4605768
1369,8 Mile,41000000,116724075,245768384,362492459,321492459
3908,8 femmes,8000000,3076425,42376425,45452850,37452850
1963,88 Minutes,30000000,16930884,32955399,49886283,19886283
1460,8MM,40000000,36443442,96398826,132842268,92842268
1932,9,30000000,31749894,48559999,80309893,50309893
4337,90 Minutes in Heaven,5000000,4816142,4816142,9632284,4632284
2039,A Bad Moms Christmas,28000000,72110659,127710550,199821209,171821209
611,A Beautiful Mind,78000000,170708996,317668058,488377054,410377054
2131,A Bridge Too Far,26000000,50800000,50800000,101600000,75600000
1252,A Bug's Life,45000000,162798565,363095319,525893884,480893884
4648,A Christmas Story,3250000,20605209,20605209,41210418,37960418
2731,A Cinderella Story,19000000,51438175,70164105,121602280,102602280
886,A Civil Action,60000000,56709981,56709981,113419962,53419962
2668,A Dangerous Method,20000000,5702083,14807531,20509614,509614
2185,A Dogâs Purpose,25000000,64321890,203671625,267993515,242993515
840,A Dogâs Way Home,61000000,41952715,81149689,123102404,62102404
4315,A Farewell To Arms,5000000,11000000,11017403,22017403,17017403
3154,A Few Best Men,15000000,0,17224539,17224539,2224539
1769,A Few Good Men,33000000,141340178,236500000,377840178,344840178
5685,A Ghost Story,100000,1594798,2769782,4364580,4264580
433,A Good Day to Die Hard,92000000,67349198,304249198,371598396,279598396
1737,A Good Year,35000000,7459300,42064105,49523405,14523405
4799,A Guy Named Joe,2627000,5363000,5363000,10726000,8099000
2616,A Guy Thing,20000000,15543862,17430594,32974456,12974456
5420,A Hard Day's Night,560000,1537860,1626784,3164644,2604644
4811,A Haunted House,2500000,40041683,59922558,99964241,97464241
4488,A Haunted House 2,4000000,17329487,21206861,38536348,34536348
1805,A History of Violence,32000000,31493782,61477797,92971579,60971579
1371,A Knightâs Tale,41000000,56083966,100622586,156706552,115706552
1388,A League of Their Own,40000000,107533925,132440066,239973991,199973991
2247,A Lot Like Love,25000000,21835784,41921590,63757374,38757374
3586,A Low Down Dirty Shame,10000000,29317886,29317886,58635772,48635772
1613,A Man Apart,36000000,26500000,43797731,70297731,34297731
4568,A Man for All Seasons,3900000,28350000,28350000,56700000,52800000
3103,A Mighty Heart,15000000,9176787,19153568,28330355,13330355
4134,A Mighty Wind,6000000,17583468,18504539,36088007,30088007
1447,A Million Ways to Die in The West,40000000,42720965,86778557,129499522,89499522
1340,A Monster Calls,43000000,3740823,46414530,50155353,7155353
3075,A Most Wanted Man,15000000,17237855,36068890,53306745,38306745
2885,A Night at the Roxbury,17000000,30331165,30331165,60662330,43662330
4260,A Nightmare On Elm Street 3: Dream Warriors,5000000,44793222,44793222,89586444,84586444
4128,A Nightmare On Elm Street: The Dream Child,6000000,22168359,22168359,44336718,38336718
1648,A Nightmare on Elm Street,35000000,63075011,117729621,180804632,145804632
3255,A Nightmare on Elm Street 4: The Dream Master,13000000,49369899,49369899,98739798,85739798
4675,A Nightmare on Elm Street Part 2: Freddy's Revenge,3000000,21163999,21163999,42327998,39327998
2086,A Passage to India,27500000,27187653,27187653,54375306,26875306
3198,A Perfect Getaway,14000000,15515460,22815460,38330920,24330920
3603,A Prairie Home Companion,10000000,20342852,26716191,47059043,37059043
2865,A Quiet Place,17000000,188024361,334522294,522546655,505546655
4676,A Room with a View,3000000,20966644,20966644,41933288,38933288
4021,A Serious Man,7000000,9228788,30360570,39589358,32589358
2523,A Simple Favor,20000000,53548586,97628717,151177303,131177303
2893,A Simple Plan,17000000,16316273,16316273,32632546,15632546
4023,A Single Man,7000000,9176000,28142379,37318379,30318379
1604,A Star is Born,36000000,215288866,433449571,648738437,612738437
3930,A Street Cat Named Bob,8000000,82703,17382693,17465396,9465396
5020,A Streetcar Named Desire,1800000,8000000,8000000,16000000,14200000
3873,A Thin Line Between Love & Hate,8000000,34873513,34873513,69747026,61747026
1387,A Time to Kill,40000000,108766007,152266007,261032014,221032014
2552,A Very Harold & Kumar 3D Christmas,20000000,35061031,36265745,71326776,51326776
1897,A View to a Kill,30000000,50327960,152627960,202955920,172955920
2066,A Walk Among the Tombstones,28000000,26017685,62108587,88126272,60126272
3874,A Walk in the Woods,8000000,29499394,37119358,66618752,58618752
3475,A Walk to Remember,11000000,41227069,46060861,87287930,76287930
357,A Wrinkle in Time,103000000,100478608,133401882,233880490,130880490
5010,ABCD (Any Body Can Dance),1900000,222098,10137234,10359332,8459332
2891,ATL,17000000,21170563,21170563,42341126,25341126
710,AVP: Alien Vs. Predator,70000000,80281096,172543519,252824615,182824615
1695,Abduction,35000000,28087155,86648359,114735514,79735514
3257,About Last Night,13000000,48637684,50445860,99083544,86083544
1870,About Schmidt,30000000,65005217,107054484,172059701,142059701
3394,About Time,12000000,15323921,89309178,104633099,92633099
2098,About a Boy,27000000,40803000,130759651,171562651,144562651
764,Abraham Lincoln: Vampire Hunter,67500000,37519139,137489730,175008869,107508869
1135,Absolute Power,50000000,50068310,50068310,100136620,50136620
3350,Ace Ventura: Pet Detective,12000000,72217396,107217396,179434792,167434792
1849,Ace Ventura: When Nature Calls,30000000,108360063,212400000,320760063,290760063
2534,Acrimony,20000000,43549096,46627836,90176932,70176932
1299,Across the Universe,45000000,24343673,29367143,53710816,8710816
3351,Act of Valor,12000000,70012847,82497035,152509882,140509882
4007,Action Jackson,7000000,20257000,20257000,40514000,33514000
4658,Adam,3200000,2283291,2834485,5117776,1917776
2758,Adaptation,18500000,22498520,32531759,55030279,36530279
4295,Addicted,5000000,17390770,17499242,34890012,29890012
2706,Admiral,20000000,0,38585047,38585047,18585047
3275,Admission,13000000,18007317,18733666,36740983,23740983
1688,Adrift,35000000,31445011,57897191,89342202,54342202
3749,Adventureland,9800000,16044025,17553055,33597080,23797080
1034,Aeon Flux,55000000,25857987,53913573,79771560,24771560
252,After Earth,130000000,60522097,251499665,312021762,182021762
4429,After Hours,4500000,10609321,10609321,21218642,16718642
974,After the Sunset,57000000,28328132,38329114,66657246,9657246
2198,Agent Cody Banks,25000000,47545060,58240458,105785518,80785518
2142,Agent Cody Banks 2: Destination London,26000000,23514247,28703083,52217330,26217330
4673,Air Bud,3000000,24646936,27788649,52435585,49435585
491,Air Force One,85000000,172956409,315268353,488224762,403224762
4461,Airlift (2016),4400000,0,9969237,9969237,5569237
4587,Airplane!,3500000,83453539,83453539,166907078,163407078
5259,Ajami,1000000,621859,2721096,3342955,2342955
3884,Akeelah and the Bee,8000000,18848430,18959424,37807854,29807854
4179,Akmareul Boatda,6000000,129210,13168809,13298019,7298019
80,Aladdin,182000000,246734314,619234314,865968628,683968628
3966,Albert Nobbs,7500000,3014696,8539003,11553699,4053699
1699,Alex Cross,35000000,25888412,35426759,61315171,26315171
150,Alexander,155000000,34297191,167297191,201594382,46594382
2043,"Alexander and the Terrible, Horrible, No Good, Very Bad Day",28000000,66954149,101379287,168333436,140333436
4917,Alexander's Ragtime Band,2000000,4000000,4000000,8000000,6000000
1511,Alfie,40000000,13395939,35195939,48591878,8591878
344,Ali,109000000,58183966,87683966,145867932,36867932
125,Alice Through the Looking Glass,170000000,77042381,276928112,353970493,183970493
50,Alice in Wonderland,200000000,334191110,1025491110,1359682220,1159682220
3520,Alien,10700000,80930630,203628947,284559577,273859577
1016,Alien 3,55000000,54927174,158500000,213427174,158427174
411,Alien: Covenant,97000000,74262031,238521247,312783278,215783278
900,Alien: Resurrection,60000000,47795018,160700000,208495018,148495018
2867,Aliens,17000000,85160248,183316455,268476703,251476703
1298,Aliens in the Attic,45000000,25200412,59551283,84751695,39751695
1451,Aliens vs. Predator - Requiem,40000000,41797066,128884494,170681560,130681560
123,Alita: Battle Angel,170000000,85710210,402976036,488686246,318686246
1801,Alive,32000000,36299670,36299670,72599340,40599340
3040,All About Steve,15000000,33862903,40127259,73990162,58990162
3192,All About the Benjamins,14000000,25482931,25873145,51356076,37356076
1290,All Eyez on Me,45000000,44922302,54876855,99799157,54799157
4911,All Saints,2000000,5802208,5941994,11744202,9744202
5558,All You Need Is Love,300000,0,3565259,3565259,3265259
3842,All is Lost,8500000,6263670,10386814,16650484,8150484
5382,All the Boys Love Mandy Lane,750000,0,1960521,1960521,1210521
5262,All the Real Girls,1000000,549666,703020,1252686,252686
346,Allied,106000000,40098064,119266661,159364725,53364725
2880,Almost Christmas,17000000,42065185,42493506,84558691,67558691
921,Almost Famous,60000000,32522352,47371191,79893543,19893543
1602,Aloha,37000000,21052030,25387091,46439121,9439121
1346,Along Came Polly,42000000,88073507,173044410,261117917,219117917
2038,Along Came a Spider,28000000,74058698,105159085,179217783,151217783
1078,Alpha,51000000,35851379,99624873,135476252,84476252
2579,Alpha and Omega 3D,20000000,25107267,48958353,74065620,54065620
982,Alvin and the Chipmunks,55000000,217326974,362605033,579932007,524932007
548,Alvin and the Chipmunks: Chipwrecked,80000000,133107389,349088523,482195912,402195912
455,Alvin and the Chipmunks: The Road Chip,90000000,85886987,249517956,335404943,245404943
694,Alvin and the Chipmunks: The Squeakquel,70000000,219614612,443483213,663097825,593097825
2780,Amadeus,18000000,51973029,51973029,103946058,85946058
1244,America's Sweethearts,46000000,93607673,160648493,254256166,208256166
4035,American Anthem,7000000,3571624,3571624,7143248,143248
827,American Assassin,63000000,36249674,68310140,104559814,41559814
2997,American Beauty,15000000,130058047,356258047,486316094,471316094
5576,American Desi,250000,902835,1366235,2269070,2019070
2900,American Dreamz,17000000,7314027,16510971,23824998,6824998
371,American Gangster,100000000,130164645,267985456,398150101,298150101
5372,American Graffiti,777000,115000000,140000000,255000000,254223000
3652,American History X,10000000,6719864,6719864,13439728,3439728
1379,American Hustle,40000000,150117807,257878294,407996101,367996101
1131,American Made,50000000,51342000,135569212,186911212,136911212
5528,American Ninja 2: The Confrontation,350000,4000000,4000000,8000000,7650000
3343,American Pie,12000000,101800948,234723148,336524096,324524096
1840,American Pie 2,30000000,145096820,286500000,431596820,401596820
3891,American Psycho,8000000,15070285,34270285,49340570,41340570
1125,American Reunion,50000000,56758835,236799211,293558046,243558046
956,American Sniper,58000000,350126372,547326372,897452744,839452744
4909,American Splendor,2000000,6003587,8685632,14689219,12689219
2071,American Ultra,28000000,14439985,30295028,44735013,16735013
993,American Wedding,55000000,104354205,126425115,230779320,175779320
1446,Amistad,40000000,44212592,58250151,102462743,62462743
4913,Amores Perros,2000000,5383834,20883834,26267668,24267668
3750,Amour,9700000,6738954,36787044,43525998,33825998
3196,An American Haunting,14000000,16298046,30443277,46741323,32741323
3958,An Education,7500000,12574914,29652736,42227650,34727650
3522,An Ideal Husband,10700000,18542974,31341183,49884157,39184157
5238,An Inconvenient Sequel,1000000,3496795,5839322,9336117,8336117
5215,An Inconvenient Truth,1000000,24146161,53365925,77512086,76512086
1274,Anaconda,45000000,65598907,136998907,202597814,157597814
2230,Anacondas: The Hunt for the Blood Orchid,25000000,31526393,70326393,101852786,76852786
923,Analyze That,60000000,32122249,54994757,87117006,27117006
1851,Analyze This,30000000,106885658,176885658,283771316,253771316
1059,Anastasia,53000000,58403409,139801096,198204505,145204505
1091,Anchorman 2: The Legend Continues,50000000,127352707,172185754,299538461,249538461
2171,Anchorman: The Legend of Ron Burgundy,25000000,84136909,89476265,173613174,148613174
2813,And So It Goes,18000000,15160801,17920013,33080814,15080814
1571,Angel Eyes,38000000,24044532,29544532,53589064,15589064
2274,Angela's Ashes,25000000,13038660,13038660,26077320,1077320
180,Angels & Demons,150000000,133375846,490875846,624251692,474251692
977,Anger Management,56000000,135560942,195660942,331221884,275221884
4470,Animal Kingdom,4200000,1044039,8078683,9122722,4922722
1212,Anna Karenina,49000000,12816367,71004627,83820994,34820994
659,Anna and the King,75000000,39251128,39251128,78502256,3502256
4083,Annabelle,6500000,84273813,256862920,341136733,334636733
3001,Annabelle: Creation,15000000,102092201,305384865,407477066,392477066
788,Annie,65000000,85911262,139829625,225740887,160740887
4576,Annie Get Your Gun,3768785,8000000,8000000,16000000,12231215
4479,Annie Hall,4000000,38251425,38251425,76502850,72502850
1031,Annihilation,55000000,32732301,43070915,75803216,20803216
3905,Anomalisa,8000000,3759286,5706168,9465454,1465454
5647,Another Earth,175000,1321194,2102779,3423973,3248973
3907,Another Year,8000000,3205706,20005613,23211319,15211319
242,Ant-Man,130000000,180202163,518858449,699060612,569060612
240,Ant-Man and the Wasp,130000000,216648740,623144660,839793400,709793400
3318,Antwone Fisher,12500000,21078145,23367586,44445731,31945731
860,Antz,60000000,90757863,152457863,243215726,183215726
871,Any Given Sunday,60000000,75530832,100230832,175761664,115761664
2383,Anywhere But Here,23000000,18653615,18653615,37307230,14307230
1819,Apocalypse Now,31500000,78800000,81250485,160050485,128550485
1437,Apocalypto,40000000,50866635,121032272,171898907,131898907
774,Apollo 13,65000000,173772767,335802271,509575038,444575038
4293,Apollo 18,5000000,17686929,26517819,44204748,39204748
2592,Appaloosa,20000000,20211394,27911453,48122847,28122847
4309,April Fool's Day,5000000,12947763,12947763,25895526,20895526
5375,Aqua Teen Hunger Force Colon Movie Film for Theaters,750000,5520368,5520368,11040736,10290736
135,Aquaman,160000000,335061807,1146894640,1481956447,1321956447
3389,Aquamarine,12000000,18597342,22978953,41576295,29576295
1828,Arachnophobia,31000000,53208180,53208180,106416360,75416360
3408,Arbitrage,12000000,7919574,35830713,43750287,31750287
2503,Are We There Yet?,20000000,82674398,98114471,180788869,160788869
1326,Argo,44500000,136025503,227140757,363166260,318666260
2455,Arlington Road,21500000,24419219,24419219,48838438,27338438
207,Armageddon,140000000,201578182,554600000,756178182,616178182
2613,Armored,20000000,15988876,23661038,39649914,19649914
3495,Army of Darkness,11000000,11502976,21502976,33005952,22005952
2925,Arn - Tempelriddaren,16500000,0,21404122,21404122,4904122
1233,Arrival,47000000,100546139,203127894,303674033,256674033
1466,Arthur,40000000,33035397,47787943,80823340,40823340
513,Arthur Christmas,85000000,46462469,149717124,196179593,111179593
605,Arthur et les Minimoys,80000000,15132763,113325743,128458506,48458506
459,Artificial Intelligence: AI,90000000,78616689,235900000,314516689,224516689
4283,"As Above, So Below",5000000,21222315,41824066,63046381,58046381
1088,As Good as it Gets,50000000,148478011,314111923,462589934,412589934
1162,Assassins,50000000,30306268,83306268,113612536,63612536
279,Assassinâs Creed,125000000,54647948,240759682,295407630,170407630
1951,Assault On Precinct 13,30000000,20040895,36040895,56081790,26081790
311,AstÃ©rix aux Jeux Olympiques,113500000,999811,132999811,133999622,20499622
1492,At First Sight,40000000,22365133,22365133,44730266,4730266
456,Atlantis: The Lost Empire,90000000,84052762,186049020,270101782,180101782
1893,Atomic Blonde,30000000,51573925,98345423,149919348,119919348
1896,Atonement,30000000,50980159,129779728,180759887,150759887
2229,August Rush,25000000,31664162,65882103,97546265,72546265
2214,August: Osage County,25000000,37738810,50738810,88477620,63477620
825,Austin Powers in Goldmember,63000000,213117789,296338663,509456452,446456452
2778,Austin Powers: International Man of Mystery,18000000,53883989,67683989,121567978,103567978
1627,Austin Powers: The Spy Who Shagged Me,35000000,206040085,312383487,518423572,483423572
253,Australia,130000000,49554002,215080810,264634812,134634812
1456,Autumn in New York,40000000,37752931,90717684,128470615,88470615
0,Avatar,425000000,760507625,2776345279,3536852904,3111852904
3,Avengers: Age of Ultron,330600000,459005868,1403013963,1862019831,1531419831
6,Avengers: Infinity War,300000000,678815482,2048134200,2726949682,2426949682
3828,Awake,8600000,14373825,32968648,47342473,38742473
5553,Ayurveda: Art of Being,300000,16892,2066892,2083784,1783784
1954,Baahubali 2: The Conclusion,30000000,18985794,263502914,282488708,252488708
1873,Babe,30000000,63658910,246100000,309758910,279758910
602,Babe: Pig in the City,80000000,18319860,69131860,87451720,7451720
2555,Babel,20000000,34302837,132121212,166424049,146424049
2942,Baby Boy,16000000,28734552,28734552,57469104,41469104
1758,Baby Driver,34000000,107825862,228104185,335930047,301930047
3265,Baby Geniuses,13000000,27151490,27151490,54302980,41302980
1878,Baby Mama,30000000,60494212,64170447,124664659,94664659
1301,Babylon A.D.,45000000,22532572,70216497,92749069,47749069
5643,Bacheha-Ye aseman,180000,933933,1628579,2562512,2382512
4734,Bachelorette,3000000,446770,12577401,13024171,10024171
2723,Back to the Future,19000000,212259762,385524784,597784546,578784546
1384,Back to the Future Part II,40000000,118450002,332000000,450450002,410450002
1398,Back to the Future Part III,40000000,88055283,244088654,332143937,292143937
2371,Bad Boys,23000000,65647413,141247413,206894826,183894826
247,Bad Boys II,130000000,138540870,273271982,411812852,281812852
733,Bad Company,70000000,30157016,69157016,99314032,29314032
2498,Bad Moms,20000000,113257297,180998716,294256013,274256013
2774,Bad Santa,18000000,60060328,77147031,137207359,119207359
2726,Bad Teacher,19000000,100292856,215448997,315741853,296741853
1809,Bad Times at the El Royale,32000000,17839115,29204379,47043494,15043494
3643,Bad Words,10000000,7779614,7843145,15622759,5622759
3837,Baggage Claim,8500000,21569509,22885836,44455345,35955345
5626,Baghead,200000,140016,140016,280032,80032
3285,Bajrangi Bhaijaan,13000000,8178001,121778347,129956348,116956348
1946,Ballerina,30000000,21858070,96892829,118750899,88750899
5346,Bambi,858000,102797000,268000000,370797000,369939000
658,Bandits,75000000,41523271,71523271,113046542,38046542
1312,Bangkok Dangerous,45000000,15298133,46598133,61896266,16896266
3348,Barbershop,12000000,75781642,77063461,152845103,140845103
2772,Barbershop 2: Back in Business,18000000,65070412,65842412,130912824,112912824
2521,Barbershop: The Next Cut,20000000,54030051,54404202,108434253,88434253
4417,Barfi,4600000,2804874,36751984,39556858,34956858
3094,Barney's Great Adventure,15000000,11156471,11156471,22312942,7312942
1077,Barnyard: The Original Party Animals,51000000,72779000,118583844,191362844,140362844
3488,Barry Lyndon,11000000,20000000,20169934,40169934,29169934
1168,Basic,50000000,26599248,42598498,69197746,19197746
4722,Basquiat,3000000,2962051,2962051,5924102,2924102
4858,Bathing Beauty,2361000,3500000,3500000,7000000,4639000
1626,Batman,35000000,251188924,411348924,662537848,627537848
276,Batman & Robin,125000000,107325195,238317814,345643009,220643009
166,Batman Begins,150000000,205343774,359142722,564486496,414486496
365,Batman Forever,100000000,184031112,336529144,520560256,420560256
542,Batman Returns,80000000,162833635,266824291,429657926,349657926
17,Batman v Superman: Dawn of Justice,250000000,330360194,867500281,1197860475,947860475
4093,Bats,6500000,10155691,10155691,20311382,13811382
5019,Battle for the Planet of the Apes,1800000,8800000,8800000,17600000,15800000
2275,Battle of the Sexes,25000000,12638526,18445379,31083905,6083905
2650,Battle of the Year,20000000,8888355,16723377,25611732,5611732
709,Battle: Los Angeles,70000000,83552429,213463976,297016405,227016405
31,Battleship,220000000,65233400,313477717,378711117,158711117
885,Baywatch,60000000,58060186,175863783,233923969,173923969
651,Be Cool,75000000,55849401,94944017,150793418,75793418
2639,Be Kind Rewind,20000000,11175164,30894247,42069411,22069411
2886,Beastly,17000000,27865571,38028230,65893801,48893801
5017,Beasts of the Southern Wild,1800000,12795746,23265132,36060878,34260878
1184,Beautiful Creatures,50000000,19452138,60282876,79735014,29735014
2217,Beauty Shop,25000000,36351350,38351350,74702700,49702700
134,Beauty and the Beast,160000000,504014165,1259199706,1763213871,1603213871
3355,Beavis and Butt-Head Do America,12000000,63118386,63118386,126236772,114236772
1546,Because I Said So,39000000,42674040,69538833,112212873,73212873
3044,Because of Winn-Dixie,15000000,32647042,33508485,66155527,51155527
2922,Becoming Jane,16500000,18663911,39380876,58044787,41544787
1227,Bedazzled,48000000,37879996,90376224,128256220,80256220
555,Bedtime Stories,80000000,110101975,221468935,331570910,251570910
183,Bee Movie,150000000,126631277,287594577,414225854,264225854
2861,Beerfest,17500000,19185184,20159316,39344500,21844500
3006,Beetlejuice,15000000,73839613,73887546,147727159,132727159
4311,Before I Fall,5000000,12241072,18945682,31186754,26186754
2448,Before I Go to Sleep,22000000,3242457,19563579,22806036,806036
4698,Before Midnight,3000000,8110621,23251930,31362551,28362551
4823,Before Sunrise,2500000,5274005,5690220,10964225,8464225
4912,Before Sunset,2000000,5792822,11217346,17010168,15010168
3890,Begin Again,8000000,16170632,68838736,85009368,77009368
4656,Beginners,3200000,5790894,14314407,20105301,16905301
1423,Behind Enemy Lines,40000000,58855732,58855732,117711464,77711464
3272,Being John Malkovich,13000000,22858926,32382381,55241307,42241307
2821,Being Julia,18000000,7739049,14488705,22227754,4227754
4643,Bella,3300000,8093373,12405473,20498846,17198846
4694,Belly,3000000,9639390,9639390,19278780,16278780
3294,Ben is Back,13000000,3703182,9633111,13336293,336293
422,Ben-Hur,95000000,26410477,91669648,118080125,23080125
4569,Ben-Hur: A Tale of the Christ,3900000,9000000,9000000,18000000,14100000
4207,Bend it Like Beckham,5600000,32543449,74566042,107109491,101509491
4682,Beneath the Planet of the Apes,3000000,17489009,17489009,34978018,31978018
5429,Benji,500000,31559560,31559560,63119120,62619120
187,Beowulf,150000000,82280579,195080579,277361158,127361158
4147,Bernie,6000000,9204489,10106975,19311464,13311464
4131,Best in Show,6000000,18621249,20695413,39316662,33316662
5572,Better Luck Tomorrow,250000,3802390,3809226,7611616,7361616
2501,Beverly Hills Chihuahua,20000000,94514402,154218168,248732570,228732570
2992,Beverly Hills Cop,15000000,234760478,316300000,551060478,536060478
2490,Beverly Hills Cop II,20000000,153665036,276665036,430330072,410330072
1145,Beverly Hills Cop III,50000000,42586861,119180938,161767799,111767799
581,Bewitched,80000000,63313159,131159306,194472465,114472465
4015,Beyond the Lights,7000000,14618727,14618727,29237454,22237454
5436,Beyond the Mat,500000,2047570,2047570,4095140,3595140
5226,Beyond the Valley of the Dolls,1000000,9000000,9000000,18000000,17000000
470,Bicentennial Man,90000000,58220776,87420776,145641552,55641552
2974,Bienvenue chez les Ch'tis,16000000,1477650,247474497,248952147,232952147
2766,Big,18000000,114968774,151668774,266637548,248637548
1839,Big Daddy,30000000,163479795,228641283,392121078,362121078
3622,Big Eyes,10000000,14482031,27317872,41799903,31799903
3022,Big Fat Liar,15000000,47811275,52461017,100272292,85272292
716,Big Fish,70000000,66432867,123954323,190387190,120387190
128,Big Hero 6,165000000,222527828,652127828,874655656,709655656
1498,Big Miracle,40000000,20157300,25268680,45425980,5425980
1770,Big Momma's House,33000000,117559438,173559438,291118876,258118876
1414,Big Momma's House 2,40000000,70165972,137047376,207213348,167213348
1800,"Big Mommas: Like Father, Like Son",32000000,37915414,82332450,120247864,88247864
2545,Bill & Ted's Bogus Journey,20000000,37537675,37537675,75075350,55075350
3557,Bill & Ted's Excellent Adventure,10000000,40485039,40485039,80970078,70970078
4281,Billy Elliot,5000000,21995263,109253745,131249008,126249008
5357,Billy Jack,800000,98000000,98000000,196000000,195200000
2785,Birdman or (The Unexpected Virtue of Ignorance),18000000,42340598,103215094,145555692,127555692
3292,Birthday Girl,13000000,4919896,8130727,13050623,50623
3020,BlacKkKlansman,15000000,49275340,93017335,142292675,127292675
3784,Black Christmas,9000000,16235738,16235738,32471476,23471476
414,Black Hawk Down,95000000,108638745,159691085,268329830,173329830
1683,Black Knight,35000000,33422806,33422806,66845612,31845612
1058,Black Mass,53000000,62575678,98837872,161413550,108413550
41,Black Panther,200000000,700059566,1348258224,2048317790,1848317790
1900,Black Rain,30000000,45892212,45892212,91784424,61784424
3101,Black Snake Moan,15000000,9396870,10951153,20348023,5348023
3245,Black Swan,13000000,106954678,331266710,438221388,425221388
3660,Black and White,10000000,5241315,5241315,10482630,482630
3779,Black or White,9000000,21571189,21971021,43542210,34542210
1270,Blade,45000000,70141876,131237688,201379564,156379564
1049,Blade 2,54000000,81676888,154338601,236015489,182015489
2061,Blade Runner,28000000,32656328,39342912,71999240,43999240
79,Blade Runner 2049,185000000,92054159,259357408,351411567,166411567
799,Blade: Trinity,65000000,52397389,131353165,183750554,118750554
836,Blades of Glory,61000000,118594548,145594548,264189096,203189096
3600,Blair Witch,10000000,20777061,38985577,59762638,49762638
1698,Blast from the Past,35000000,26613620,26613620,53227240,18227240
4800,Blazing Saddles,2600000,119500000,119500000,239000000,236400000
1289,Blended,45000000,46290741,127990741,174281482,129281482
1477,Bless the Child,40000000,29374178,40435694,69809872,29809872
2459,Blockers,21000000,60311495,94045328,154356823,133356823
388,Blood Diamond,100000000,57377916,171377916,228755832,128755832
5081,Blood Simple,1500000,1690913,2730877,4421790,2921790
1170,Blood Work,50000000,26199517,26199517,52399034,2399034
5067,Bloodsport,1500000,11806119,11806119,23612238,22112238
1889,Blow,30000000,52990775,83282296,136273071,106273071
2815,Blow Out,18000000,13747234,13747234,27494468,9494468
1914,Blue Crush,30000000,40118420,51618420,91736840,61736840
2789,Blue Jasmine,18000000,33404871,102912961,136317832,118317832
5506,Blue Ruin,420000,258384,437002,695386,275386
1607,Blue Streak,36000000,68208190,117448157,185656347,149656347
5224,Blue Valentine,1000000,9737892,16566240,26304132,25304132
3107,Boat Trip,15000000,8586376,14933713,23520089,8520089
3207,Bobby,14000000,11242801,20597806,31840607,17840607
3640,Body Double,10000000,8801940,8801940,17603880,7603880
763,Body of Lies,67500000,39394666,118556530,157951196,90451196
983,Bohemian Rhapsody,55000000,216303339,894985342,1111288681,1056288681
3783,Boiler Room,9000000,16963963,28773637,45737600,36737600
185,Bolt,150000000,114053579,328015029,442068608,292068608
3894,"Bon Cop, Bad Cop",8000000,12671300,12740705,25412005,17412005
3646,Bones,10000000,7316658,8378853,15695511,5695511
2531,Boogeyman,20000000,46752382,67192859,113945241,93945241
3058,Boogie Nights,15000000,26410771,43111725,69522496,54522496
3542,Book Club,10000000,68566296,91113683,159679979,149679979
3057,Book of Shadows: Blair Witch 2,15000000,26421314,47721314,74142628,59142628
4901,Boom Town,2000000,9172000,9172000,18344000,16344000
1347,Boomerang,42000000,70052444,131052444,201104888,159104888
2764,Borat,18000000,128505958,261443242,389949200,371949200
3176,Born on the Fourth of July,14000000,70001698,70001698,140003396,126003396
4341,Bottle Shock,5000000,4078607,4815890,8894497,3894497
1676,Bounce,35000000,36805288,53425292,90230580,55230580
4432,Bound,4500000,3802260,7011317,10813577,6313577
1009,Bowfinger,55000000,66458769,98699769,165158538,110158538
4674,Bowling for Columbine,3000000,21576018,58240487,79816505,76816505
4484,Boyhood,4000000,25379975,57273049,82653024,78653024
4778,Boynton Beach Club,2900000,3127472,3127472,6254944,3354944
4897,Boys Don't Cry,2000000,11540607,20741000,32281607,30281607
2947,Boys and Girls,16000000,21799652,21799652,43599304,27599304
4085,Boyz n the Hood,6500000,56190094,56215095,112405189,105905189
3104,Brainstorm,15000000,8921050,8921050,17842100,2842100
1402,Bram Stoker's Dracula,40000000,82522790,215862692,298385482,258385482
4079,Bran Nue Dae,6750000,113568,6812530,6926098,176098
76,Brave,185000000,237282182,554606532,791888714,606888714
684,Braveheart,72000000,75545647,209045244,284590891,212590891
3099,Brazil,15000000,9929135,9932146,19861281,4861281
1610,Breakdown,36000000,50159144,50159144,100318288,64318288
3788,Breakin' All the Rules,9000000,12232382,12512317,24744699,15744699
4118,Breaking In,6000000,46840590,51411620,98252210,92252210
5760,Breaking Upwards,15000,115592,115592,231184,216184
4008,Breathless,7000000,19910002,19910002,39820004,32820004
5494,Brick,450000,2075743,4243996,6319739,5869739
4829,Brick Lane,2500000,1094998,3838486,4933484,2433484
2068,Brick Mansions,28000000,20396829,73421224,93818053,65818053
4028,Bride & Prejudice,7000000,6601079,25269040,31870119,24870119
1880,Bride Wars,30000000,58715510,115150424,173865934,143865934
2227,Bride of Chucky,25000000,32404188,50692188,83096376,58096376
1784,Bridesmaids,32500000,169211718,289632023,458843741,426343741
1409,Bridge of Spies,40000000,72313754,162498338,234812092,194812092
2173,Bridge to Terabithia,25000000,82234139,137984788,220218927,195218927
2181,Bridget Jones's Diary,25000000,71500556,281527158,353027714,328027714
1149,Bridget Jones: The Edge Of Reason,50000000,40203020,263894551,304097571,254097571
1702,Bridget Jonesâs Baby,35000000,24139805,205822688,229962493,194962493
5254,Brigham City,1000000,852206,852206,1704412,704412
2260,"Bright Lights, Big City",25000000,16118077,16118077,32236154,7236154
3844,Bright Star,8500000,4444637,17220091,21664728,13164728
4012,BrightBurn,7000000,16794432,27989498,44783930,37783930
3543,Bring it On,10000000,68353550,90453550,158807100,148807100
2493,Bringing Down the House,20000000,132675402,164675402,297350804,277350804
1811,Bringing Out The Dead,32000000,16640210,16640210,33280420,1280420
3229,Brokeback Mountain,13900000,83043761,176980863,260024624,246124624
791,Broken Arrow,65000000,70645997,148345997,218991994,153991994
1710,Broken City,35000000,19701164,34480045,54181209,19181209
3623,Broken Flowers,10000000,13744960,40744960,54489920,44489920
5608,Bronson,230000,104979,2703762,2808741,2578741
3478,Brooklyn,11000000,38322743,62076141,100398884,89398884
2887,Brooklyn's Finest,17000000,27163593,39233233,66396826,49396826
2140,Brothers,26000000,28544157,45043870,73588027,47588027
3875,Brown Sugar,8000000,27362712,28315272,55677984,47677984
536,Bruce Almighty,81000000,242704995,484468608,727173603,646173603
1348,BrÃ¼no,42000000,60054530,138708527,198763057,156763057
5250,Bubba Ho-Tep,1000000,1239183,1492895,2732078,1732078
5078,Buffalo '66,1500000,2380606,2380606,4761212,3261212
4016,Buffy the Vampire Slayer,7000000,14231669,14231669,28463338,21463338
4507,Bug,4000000,7006708,8302995,15309703,11309703
2629,Bullets Over Broadway,20000000,13383747,13383747,26767494,6767494
4878,Bully,2100000,881824,1381824,2263648,163648
1939,Bulworth,30000000,26528684,29203383,55732067,25732067
361,Bumblebee,102000000,127195589,465195589,592391178,490391178
5001,Buried,1987650,1044143,21270290,22314433,20326783
1023,Burlesque,55000000,39440655,90552675,129993330,74993330
5609,Burn,225000,1109276,1109276,2218552,1993552
1594,Burn After Reading,37000000,60355347,168167798,228523145,191523145
2626,Burnt,20000000,13651946,36773510,50425456,30425456
5167,But I'm a Cheerleader,1200000,2205627,2509344,4714971,3514971
4115,Butch Cassidy and the Sundance Kid,6000000,102308900,102310653,204619553,198619553
5149,C.H.U.D.,1250000,4700000,4700000,9400000,8150000
2252,CHiPS,25000000,18600152,23190292,41790444,16790444
5064,Cabin Fever,1500000,21158188,30351664,51509852,50009852
3906,CachÃ©,8000000,3647381,19891331,23538712,15538712
4121,Caddyshack,6000000,39846344,39846344,79692688,73692688
3407,Cadillac Records,12000000,8195551,8942516,17138067,5138067
3577,Calendar Girls,10000000,31011616,93074616,124086232,114086232
5623,Call+Response,200000,212989,212989,425978,225978
4416,Camping Sauvage,4600000,3479302,3479302,6958604,2358604
3639,Can You Ever Forgive Me?,10000000,8803865,11752387,20556252,10556252
3594,Can't Hardly Wait,10000000,25358996,25358996,50717992,40717992
1640,Cape Fear,35000000,79091969,182291969,261383938,226383938
2620,Capitalism: A Love Story,20000000,14363397,19121531,33484928,13484928
3998,Capote,7000000,28750530,49924079,78674609,71674609
16,Captain America: Civil War,250000000,408084349,1140069413,1548153762,1298153762
209,Captain America: The First Avenger,140000000,176654505,370569776,547224281,407224281
115,Captain America: The Winter Soldier,170000000,259746958,714401889,974148847,804148847
975,Captain Corelli's Mandolin,57000000,25528495,62097495,87625990,30625990
95,Captain Marvel,175000000,426525952,1123061550,1549587502,1374587502
991,Captain Phillips,55000000,107136417,220648184,327784601,272784601
1558,Captain Underpants: The First Epic Movie,38000000,73921000,126577874,200498874,162498874
4922,Captive,2000000,2583301,2791973,5375274,3375274
2306,Carnage,25000000,2546747,38112154,40658901,15658901
3459,Carol,11800000,12711491,42843521,55555012,43755012
5015,Carrie,1800000,25878153,25878153,51756306,49956306
693,Cars,70000000,244082982,461651246,705734228,635734228
56,Cars 2,200000000,191450875,560155383,751606258,551606258
104,Cars 3,175000000,152901115,383541369,536442484,361442484
4152,Casa de mi Padre,6000000,5909483,8446952,14356435,8356435
5209,Casablanca,1039000,10462500,10496855,20959355,19920355
2106,Case 39,27000000,13261851,28773827,42035678,15035678
1070,Casino,52000000,42438300,110400000,152838300,100838300
359,Casino Royale,102000000,167365000,594420283,761785283,659785283
997,Casper,55000000,100328194,282300000,382628194,327628194
487,Cast Away,85000000,233632142,427230516,660862658,575862658
5668,Cat People,134000,4000000,8000000,12000000,11866000
4681,Cat on a Hot Tin Roof,3000000,17570324,17570324,35140648,32140648
1066,Catch Me if You Can,52000000,164606800,355612291,520219091,468219091
2809,Catch That Kid,18000000,16703799,16959614,33663413,15663413
2798,Catch-22,18000000,24911670,24911670,49823340,31823340
858,Cats & Dogs,60000000,93375151,200700000,294075151,234075151
516,Cats & Dogs: The Revenge of Kitty Galore,85000000,43585753,113026383,156612136,71612136
394,Catwoman,100000000,40202379,82145379,122347758,22347758
5775,Cavite,7000,70071,71644,141715,134715
3650,Cedar Rapids,10000000,6861102,7862131,14723233,4723233
5353,Celeste and Jesse Forever,840000,3103407,3787689,6891096,6051096
1294,Cellular,45000000,32003620,61475984,93479604,48479604
2807,Center Stage,18000000,17200925,21361109,38562034,20562034
1090,Central Intelligence,50000000,127440871,217194805,344635676,294635676
4776,Central do Brasil,2900000,5969553,17006158,22975711,20075711
1035,Chain Reaction,55000000,21226204,60209334,81435538,26435538
1025,Changeling,55000000,35739802,113805580,149545382,94545382
1273,Changing Lanes,45000000,66790248,66790248,133580496,88580496
1210,Chappie,49000000,31569268,105002056,136571324,87571324
4214,Chariots of Fire,5500000,61558162,61865947,123424109,117924109
1330,Charlie St. Cloud,44000000,31206263,48478084,79684347,35684347
649,Charlie Wilson's War,75000000,66661095,119512771,186173866,111173866
163,Charlie and the Chocolate Factory,150000000,206459076,475825484,682284560,532284560
447,Charlie's Angels,90000000,125305545,259736090,385041635,295041635
290,Charlie's Angels: Full Throttle,120000000,100814328,227200000,328014328,208014328
529,Charlotte's Web,82500000,82985708,143985708,226971416,144471416
5328,Charly,950000,814666,814666,1629332,679332
5569,Chasing Amy,250000,12006514,15155095,27161609,26911609
2389,Chasing Liberty,23000000,12189514,12291975,24481489,1481489
3793,Chasing Papi,9000000,6126237,12657377,18783614,9783614
5688,Cheap Thrills,100000,59424,59424,118848,18848
1381,Cheaper by the Dozen,40000000,138614544,190212113,328826657,288826657
865,Cheaper by the Dozen 2,60000000,82571173,135015330,217586503,157586503
5217,Chernobyl Diaries,1000000,18119640,42411721,60531361,59531361
1838,Chicago,30000000,170687518,306770545,477458063,447458063
178,Chicken Little,150000000,135386665,310043823,445430488,295430488
1345,Chicken Run,42000000,106793915,227793915,334587830,292587830
3776,Child's Play,9000000,33244684,44196684,77441368,68441368
3267,Child's Play 2,13000000,26904572,34166572,61071144,48071144
623,Children of Men,76000000,35552383,69845011,105397394,29397394
4444,Chinjeolhan geumjassi,4500000,211667,23471871,23683538,19183538
3296,Chloe,13000000,3075255,11831131,14906386,1906386
2182,Chocolat,25000000,71309760,152500343,223810103,198810103
5282,Chocolate: Deep Dark Secrets,1000000,49000,1549000,1598000,598000
4637,Choke,3400000,2926565,4124277,7050842,3650842
1116,Christmas with the Kranks,50000000,73701902,96469187,170171089,120171089
642,Christopher Robin,75000000,99215042,197504758,296719800,221719800
3354,Chronicle,12000000,64575175,123681790,188256965,176256965
5575,Chuck&Buck,250000,1055671,1157672,2213343,1963343
2398,ChÄi dÃ n zhuÄnjiÄ,23000000,0,58807172,58807172,35807172
4644,Cidade de Deus,3300000,7563397,32059295,39622692,36322692
412,Cinderella,95000000,201151353,534551353,735702706,640702706
482,Cinderella Man,88000000,61649911,105021488,166671399,78671399
5340,Circumstance,900000,454121,958978,1413099,513099
1508,Cirque du Freak: The Vampire's Assistant,40000000,14046595,39753957,53800552,13800552
2276,Cirque du Soleil: Worlds Away,25000000,12512862,28012862,40525724,15525724
1497,City Hall,40000000,20278055,20278055,40556110,556110
4151,City Island,6000000,6671283,8173486,14844769,8844769
1491,City by the Sea,40000000,22433915,22433915,44867830,4867830
1003,City of Angels,55000000,78750909,198750909,277501818,222501818
5448,Civil Brand,500000,254293,254293,508586,8586
3050,Clash of the Titans,15000000,30000000,44400000,74400000,59400000
4649,Class of 1984,3250000,6965361,6965361,13930722,10680722
5766,Clean,10000,138711,138711,277422,267422
829,Clear and Present Danger,62000000,122012656,207500000,329512656,267512656
1349,Cleopatra,42000000,57000000,71000000,128000000,86000000
5742,Clerks,27000,3073428,3894240,6967668,6940668
4279,Clerks II,5000000,24148068,27342246,51490314,46490314
528,Click,82500000,137355633,237685089,375040722,292540722
789,Cliffhanger,65000000,84049211,255000000,339049211,274049211
2138,Clockstoppers,26000000,36985501,38788828,75774329,49774329
2489,Close Encounters of the Third Kind,20000000,169100479,340800479,509900958,489900958
1681,Closer,35000000,33987757,116177695,150165452,115165452
362,Cloud Atlas,102000000,27108272,130673154,157781426,55781426
372,Cloudy with a Chance of Meatballs,100000000,124870275,236827677,361697952,261697952
612,Cloudy with a Chance of Meatballs 2,78000000,119793567,274392649,394186216,316186216
2175,Cloverfield,25000000,80048433,171302226,251350659,226350659
3843,Club Dread,8500000,5001655,7573551,12575206,4075206
3230,Clueless,13700000,56598476,56598476,113196952,99496952
1271,Coach Carter,45000000,67264877,76665507,143930384,98930384
3010,Coal Miner's Daughter,15000000,67182787,67182787,134365574,119365574
2196,Cobra,25000000,49042224,49042224,98084448,73084448
101,Coco,175000000,209726015,798008101,1007734116,832734116
2394,Coco avant Chanel,23000000,6113834,50813834,56927668,33927668
562,Cold Mountain,80000000,95632614,165173909,260806523,180806523
922,Cold Pursuit,60000000,32138862,62599159,94738021,34738021
857,Collateral,60000000,100170152,217670152,317840304,257840304
1612,Collateral Beauty,36000000,31016021,85309093,116325114,80325114
517,Collateral Damage,85000000,40048332,78353508,118401840,33401840
4155,College,6000000,4694491,6176114,10870605,4870605
1459,Colombiana,40000000,36665854,72295262,108961116,68961116
5392,Columbus,700000,1017107,1110511,2127618,1427618
4671,Coming Home,3000000,32653000,32653000,65306000,62306000
3568,Commando,10000000,35073978,35073978,70147956,60147956
4720,Compadres,3000000,3127773,7445044,10572817,7572817
5567,Compliance,270000,319285,830700,1149985,879985
560,Con Air,80000000,101117573,224117573,325235146,245235146
2796,Conan the Destroyer,18000000,26400000,26400000,52800000,34800000
1679,Concussion,35000000,34531832,50363790,84895622,49895622
2026,Confessions of a Dangerous Mind,29000000,16007718,33013805,49021523,20021523
3051,Confessions of a Teenage Drama Queen,15000000,29331068,33118854,62449922,47449922
3091,Confidence,15000000,12212417,12212417,24424834,9424834
1110,Congo,50000000,81022333,152022333,233044666,183044666
5040,Conquest of the Planet of the Apes,1700000,9700000,9700000,19400000,17700000
572,Conspiracy Theory,80000000,76118990,142783718,218902708,138902708
646,Constantine,75000000,75976178,221594911,297571089,222571089
451,Contact,90000000,100920329,165900000,266820329,176820329
870,Contagion,60000000,75658097,137551594,213209691,153209691
2184,Contraband,25000000,66528000,98406855,164934855,139934855
4106,Control,6400000,871577,8902141,9773718,3373718
5496,Conversations with Other Women,450000,379418,1297745,1677163,1227163
3327,Conviction,12500000,6797696,11826980,18624676,6124676
3177,Cool Runnings,14000000,68856263,155056263,223912526,209912526
3023,Cop Land,15000000,44906632,63706632,108613264,93613264
1598,Cop Out,37000000,44875481,55909910,100785391,63785391
2559,Copycat,20000000,32051917,32051917,64103834,44103834
873,Coraline,60000000,75286229,126037057,201323286,141323286
3484,Corky Romano,11000000,23978402,25116103,49094505,38094505
1886,Corpse Bride,30000000,53359111,114770654,168129765,138129765
3070,Country Strong,15000000,20218921,20601987,40820908,25820908
851,Couples Retreat,60000000,109205660,172450423,281656083,221656083
1248,Courage Under Fire,46000000,59003384,100833145,159836529,113836529
4886,Courageous,2000000,34522221,35185884,69708105,67708105
133,Cowboys and Aliens,163000000,100368560,176038324,276406884,113406884
1276,Coyote Ugly,45000000,60786269,113916474,174702743,129702743
2222,Cradle 2 the Grave,25000000,34657731,56434942,91092673,66092673
3374,Crank,12000000,27838408,43924923,71763331,59763331
2625,Crank 2: High Voltage,20000000,13684249,35472739,49156988,29156988
3978,Crash,7303082,55334418,101173038,156507456,149204374
3830,Crazy Heart,8500000,39471742,47417251,86888993,78388993
1837,Crazy Rich Asians,30000000,174532921,238099711,412632632,382632632
1107,"Crazy, Stupid, Love",50000000,84351197,147142328,231493525,181493525
1590,Creed,37000000,109767581,173567581,283335162,246335162
1095,Creed II,50000000,115715889,213591522,329307411,279307411
3883,Creepshow,8000000,20036244,20036244,40072488,32072488
4598,Creepshow 2,3500000,14000000,14000000,28000000,24500000
1820,Criminal,31500000,14708696,38771262,53479958,21979958
1032,Crimson Peak,55000000,31090320,74966854,106057174,51057174
1000,Crimson Tide,55000000,91387195,159387195,250774390,195774390
3826,Crocodile Dundee,8800000,174803506,328203506,503007012,494207012
3175,Crocodile Dundee 2,14000000,109306210,239606210,348912420,334912420
2239,Crocodile Dundee in Los Angeles,25000000,25590119,39393111,64983230,39983230
3204,Crooklyn,14000000,13024170,13024170,26048340,12048340
4208,Crossover,5600000,7009668,7009668,14019336,8419336
2998,"Crouching Tiger, Hidden Dragon",15000000,128067808,213514672,341582480,326582480
3477,Cruel Intentions,11000000,38665260,76238901,114904161,103904161
2028,Cry Freedom,29000000,5899797,25899797,31799594,2799594
5222,Cry Wolf,1000000,10047674,15943081,25990755,24990755
5577,Cube,250000,489220,8969065,9458285,9208285
5767,Cure,10000,94596,94596,189192,179192
1124,Curious George,50000000,58640119,71052604,129692723,79692723
1713,Cursed,35000000,19294901,25114901,44409802,9409802
4026,Cyrus,7000000,7468936,10062896,17531832,10531832
4138,Daddy Day Camp,6000000,13235267,18209872,31445139,25445139
854,Daddy Day Care,60000000,104148781,164285587,268434368,208434368
1087,Daddyâs Home,50000000,150357137,242757137,393114274,343114274
704,Daddyâs Home 2,70000000,104029443,175807183,279836626,209836626
4272,Dallas Buyers Club,5000000,27298285,60611845,87910130,82910130
2238,Dance Flick,25000000,25794018,32224624,58018642,33018642
3330,Dancer in the Dark,12500000,4157491,45557491,49714982,37214982
2724,Dances with Wolves,19000000,184208842,424200000,608408842,589408842
3755,Dangal,9500000,12391761,294654618,307046379,297546379
3658,Danny Collins,10000000,5637066,8465845,14102911,4102911
1337,Danny the Dog,43000000,24537621,49037621,73575242,30575242
308,Dante's Peak,115000000,67163857,178200000,245363857,130363857
558,Daredevil,80000000,102543518,182782518,285326036,205326036
4034,Dark Angel,7000000,4372561,4372561,8745122,1745122
3102,Dark Blue,15000000,9237470,12262065,21499535,6499535
2104,Dark City,27000000,14435076,27257061,41692137,14692137
188,Dark Shadows,150000000,79727149,238202668,317929817,167929817
4596,Dark Skies,3500000,17418667,27704111,45122778,41622778
933,Dark Water,60000000,25473093,49473093,74946186,14946186
1883,Darkest Hour,30000000,56443120,150807172,207250292,177250292
3523,Darkness,10600000,22163442,34409206,56572648,45972648
3995,Darkness Falls,7000000,32539681,47289758,79829439,72829439
3402,Das Boot,12000000,11487676,84970337,96458013,84458013
4898,Das Leben der Anderen,2000000,11284657,81197047,92481704,90481704
2840,Das Weisse Band: Eine deutsche Kindergeschichte,18000000,2222862,25727044,27949906,9949906
2526,Date Movie,20000000,48548426,85146165,133694591,113694591
998,Date Night,55000000,98711404,152269033,250980437,195980437
4689,Dave Chappelle's Block Party,3000000,11718595,12051924,23770519,20770519
5074,Dawn of the Dead,1500000,5100000,55000000,60100000,58600000
116,Dawn of the Planet of the Apes,170000000,208545589,710644566,919190155,749190155
2566,Daybreakers,20000000,30101577,51445503,81547080,61547080
5765,Dayereh,10000,673780,673780,1347560,1337560
594,Daylight,80000000,32908290,158908290,191816580,111816580
4718,Days of Heaven,3000000,3446749,3660880,7107629,4107629
864,Days of Thunder,60000000,82670733,157670733,240341466,180341466
4073,Dazed and Confused,6900000,7950889,7950889,15901778,9001778
4226,De battre mon coeur s'est arrÃªtÃ©,5500000,1023424,8589831,9613255,4113255
2719,De rouille et dâos,19500000,2061449,29393634,31455083,11955083
3084,De-Lovely,15000000,13337299,18524496,31861795,16861795
1977,Dead Man Down,30000000,10895295,19599974,30495269,495269
3476,Dead Man Walking,11000000,39387284,83088295,122475579,111475579
3200,Dead Man on Campus,14000000,15064948,15064948,30129896,16129896
2926,Dead Poets Society,16400000,95860116,239500000,335360116,318960116
2611,Dead Silence,20000000,16574590,20614661,37189251,17189251
955,Deadpool,58000000,363070709,801025593,1164096302,1106096302
314,Deadpool 2,110000000,324591735,786680557,1111272292,1001272292
2176,Dear John,25000000,80014842,142033509,222048351,197048351
5150,Dear White People,1250000,4404154,5403771,9807925,8557925
1012,Death Becomes Her,55000000,58422650,149022650,207445300,152445300
806,Death Race,65000000,36316032,72516819,108832851,43832851
2645,Death Sentence,20000000,9534258,16907831,26442089,6442089
1927,Death Wish,30000000,34017028,48575965,82592993,52592993
2463,Death at a Funeral,21000000,42739347,48977233,91716580,70716580
1079,Deck the Halls,51000000,35093569,46815807,81909376,30909376
2641,Deconstructing Harry,20000000,10686841,10686841,21373682,1373682
875,Deep Blue Sea,60000000,73648228,165048228,238696456,178696456
546,Deep Impact,80000000,140464664,349464664,489929328,409929328
5745,Deep Throat,25000,45000000,45000000,90000000,89975000
146,Deepwater Horizon,156000000,61433527,122603824,184037351,28037351
3397,Def Jam's How To Be a Player,12000000,14010363,14010363,28020726,16020726
1164,Defiance,50000000,28644813,52987754,81632567,31632567
3996,"Definitely, Maybe",7000000,32241649,55617866,87859515,80859515
1933,Deliver Us from Evil,30000000,30577122,87956618,118533740,88533740
2420,Delivery Man,22000000,30659817,70536870,101196687,79196687
4755,Demonic,3000000,0,4668109,4668109,1668109
1902,Den of Thieves,30000000,44947622,80131391,125079013,95079013
3665,Denial,10000000,4073448,9263940,13337388,3337388
3238,Der Untergang,13500000,5501940,93631744,99133684,85633684
2418,Derailed,22000000,36020063,57520063,93540126,71540126
4342,Des Hommes et Des Dieux,5000000,3954651,46263525,50218176,45218176
4001,Desperado,7000000,25532388,25532388,51064776,44064776
749,Despicable Me,69000000,251513985,543464573,794978558,725978558
621,Despicable Me 2,76000000,368065385,975216835,1343282220,1267282220
629,Despicable Me 3,75000000,264624300,1034727750,1299352050,1224352050
2425,Deuce Bigalow: European Gigolo,22000000,22400154,45273464,67673618,45673618
2771,Deuce Bigalow: Male Gigolo,18000000,65535067,92935067,158470134,140470134
3655,Deuces Wild,10000000,6044618,6244618,12289236,2289236
3570,Devil,10000000,33679655,63354114,97033769,87033769
971,Devil's Advocate,57000000,61007424,153007424,214014848,157014848
4013,Devil's Due,7000000,15821461,36146087,51967548,44967548
3982,Diamonds Are Forever,7200000,43800000,116000000,159800000,152600000
4215,Diary of a Mad Black Woman,5500000,50406346,50458356,100864702,95364702
3012,Diary of a Wimpy Kid,15000000,64003625,76954311,140957936,125957936
2416,Diary of a Wimpy Kid: Dog Days,22000000,49008662,77229695,126238357,104238357
2779,Diary of a Wimpy Kid: Rodrick Rules,18000000,52698535,73695194,126393729,108393729
2426,Diary of a Wimpy Kid: The Long Haul,22000000,20738724,35609577,56348301,34348301
4789,Diary of the Dead,2750000,952620,5394447,6347067,3597067
1232,Dick Tracy,47000000,103738726,162738726,266477452,219477452
2890,Dickie Roberts: Former Child Star,17000000,22734486,23734486,46468972,29468972
966,Did You Hear About the Morgans?,58000000,29580087,80480566,110060653,52060653
204,Die Another Day,142000000,160942139,431942139,592884278,450884278
4108,Die FÃ¤lscher,6250000,5488570,20199663,25688233,19438233
2037,Die Hard,28000000,81350242,139109346,220459588,192459588
702,Die Hard 2,70000000,117323878,239814025,357137903,287137903
453,Die Hard: With a Vengeance,90000000,100012499,366101666,466114165,376114165
2103,Die Unendliche Geschichte,27000000,21300000,21392049,42692049,15692049
3981,Die Welle,7250000,0,35122948,35122948,27872948
4322,Digimon: The Movie,5000000,9628751,16628751,26257502,21257502
4310,Diner,5000000,12592907,12592907,25185814,20185814
750,Dinner for Schmucks,69000000,73026337,86796502,159822839,90822839
257,Dinosaur,127500000,137748063,356148063,493896126,366396126
3461,Dirty Grandpa,11500000,35593113,105078449,140671562,129171562
3642,Dirty Pretty Things,10000000,8112414,14156753,22269167,12269167
3284,Dirty Work,13000000,10020081,10020081,20040162,7040162
2622,Disaster Movie,20000000,14190901,36720752,50911653,30911653
1002,Disclosure,55000000,83015089,212200000,295215089,240215089
1103,Disney Planes,50000000,90282580,238059569,328342149,278342149
70,Disneyâs A Christmas Carol,190000000,137855863,315709697,453565560,263565560
1846,District 9,30000000,115646235,212453431,328099666,298099666
2506,Disturbia,20000000,80818974,118537627,199356601,179356601
3073,Disturbing Behavior,15000000,17507368,19014238,36521606,21521606
494,Divergent,85000000,150947895,276014965,426962860,341962860
368,Django Unchained,100000000,162805434,449948323,612753757,512753757
4859,Do You Believe?,2300000,12985600,14304931,27290531,24990531
4124,Do the Right Thing,6000000,26004026,26004026,52008052,46008052
690,Doctor Dolittle,71500000,144156605,294156605,438313210,366813210
762,Doctor Seuss' The Lorax,67500000,214030500,350976753,565007253,497507253
127,Doctor Strange,165000000,232641920,676404566,909046486,744046486
3466,Doctor Zhivago,11000000,111897830,112036323,223934153,212934153
1847,Dodgeball: A True Underdog Story,30000000,114326736,167791704,282118440,252118440
3578,Dogma,10000000,30651422,43948865,74600287,64600287
5510,Dogtown and Z-Boys,400000,1293295,1600566,2893861,2493861
1592,Dolphin Tale,37000000,72286779,96068724,168355503,131355503
1611,Dolphin Tale 2,36000000,42024533,57824533,99849066,63849066
4149,Dolphins and Whales Tribes of the Ocean 3D,6000000,7714996,17252287,24967283,18967283
1061,Domestic Disturbance,53000000,45207112,54207112,99414224,46414224
4217,Don Jon,5500000,24477704,41268579,65746283,60246283
2246,Don Juan DeMarco,25000000,22032635,22032635,44065270,19065270
2242,Don't Be Afraid of the Dark,25000000,24046682,39126427,63173109,38173109
5381,Donkey Punch,750000,19367,814801,834168,84168
1667,Donnie Brasco,35000000,41954997,65303052,107258049,72258049
4438,Donnie Darko,4500000,1480006,7510877,8990883,4490883
4796,Donovan's Reef,2686000,6600000,6600000,13200000,10514000
3538,Donât Breathe,10000000,89217875,158973685,248191560,238191560
1128,Donât Say a Word,50000000,54997476,104488383,159485859,109485859
4708,Donât Think Twice,3000000,4417983,4417983,8835966,5835966
2659,Doogal,20000000,7578946,28058652,35637598,15637598
734,Doom,70000000,28212337,58757178,86969515,16969515
4010,Dope,7000000,17506470,18190831,35697301,28697301
2941,Double Impact,16000000,29090445,29090445,58180890,42180890
1385,Double Jeopardy,40000000,116735231,177835231,294570462,254570462
2348,Double Take,24000000,29823162,29823162,59646324,35646324
2557,Doubt,20000000,33446470,53191101,86637571,66637571
4288,Doug's 1st Movie,5000000,19421271,19421271,38842542,33842542
5196,Down by Law,1100000,1436000,1436000,2872000,1772000
1872,Down to Earth,30000000,64172251,71172251,135344502,105344502
3780,Down to You,9000000,20035310,20035310,40070620,31070620
761,Downsizing,68000000,24449754,54462971,78912725,10912725
683,Dr. Dolittle 2,72000000,112950721,176101721,289052442,217052442
5219,Dr. No,1000000,16067035,59567035,75634070,74634070
627,Dr. Seussâ The Grinch,75000000,270620950,511002426,781623376,706623376
5018,Dr. Strangelove,1800000,9164370,9230678,18395048,16595048
2060,Dracula 2000,28000000,33000377,33000377,66000754,38000754
720,Dracula Untold,70000000,55991880,220241723,276233603,206233603
2235,Draft Day,25000000,28842237,29847480,58689717,33689717
1909,Drag Me To Hell,30000000,42100625,91388487,133489112,103489112
3835,Dragon Ball Super: Broly,8500000,30376755,122747755,153124510,144624510
1813,Dragon Wars: D-War,32000000,10977721,79915361,90893082,58893082
1979,Dragonball Evolution,30000000,9362785,58228460,67591245,37591245
927,Dragonfly,60000000,30063805,30063805,60127610,127610
973,Dragonheart,57000000,51364680,104364680,155729360,98729360
1179,Dream House,50000000,21302340,41642166,62944506,12944506
5264,Dream With The Fishes,1000000,542909,542909,1085818,85818
758,Dreamcatcher,68000000,33685268,75685268,109370536,41370536
1804,Dreamer: Inspired by a True Story,32000000,33022286,39498360,72520646,40520646
641,Dreamgirls,75000000,103365956,155708695,259074651,184074651
1314,Dredd,45000000,13414714,41467606,54882320,9882320
4088,Dressed to Kill,6500000,31899000,31899000,63798000,57298000
1467,Drillbit Taylor,40000000,32862104,49686263,82548367,42548367
5444,Drinking Buddies,500000,343706,407100,750806,250806
3035,Drive,15000000,35060689,81357930,116418619,101418619
1190,Drive Angry,50000000,10721033,41042583,51763616,1763616
3886,Drive Me Crazy,8000000,17843379,22591451,40434830,32434830
686,Driven,72000000,32616869,54616869,87233738,15233738
3952,Driving Miss Daisy,7500000,106593296,106593296,213186592,205686592
3632,Drop Dead Gorgeous,10000000,10571408,10571408,21142816,11142816
2953,Drowning Mona,16000000,15427192,15980376,31407568,15407568
2518,Drumline,20000000,56398162,56398162,112796324,92796324
3258,"Dude, Where's My Car?",13000000,46729374,73180297,119909671,106909671
783,Due Date,65000000,100539043,211739043,312278086,247278086
4130,Duel in the Sun,6000000,20400000,20400000,40800000,34800000
4245,Dum Maaro Dum,5200000,564489,11633427,12197916,6997916
2927,Dumb & Dumber,16000000,127175374,246400000,373575374,357575374
1400,Dumb and Dumber To,40000000,86208010,156553592,242761602,202761602
1940,Dumb and Dumberer: When Harry Met Lloyd,30000000,26214846,26214846,52429692,22429692
121,Dumbo,170000000,113883318,345004422,458887740,288887740
1297,Dune,45000000,27447471,27447471,54894942,9894942
1720,Dungeons and Dragons,35000000,15185241,33771965,48957206,13957206
168,Dunkirk,150000000,190068280,499837368,689905648,539905648
911,Duplicity,60000000,40572825,81079566,121652391,61652391
4726,DysFunkTional Family,3000000,2255000,2255000,4510000,1510000
579,DÃ©jÃ Vu,80000000,64038616,181038616,245077232,165077232
5367,DÃ¸d snÃ¸,800000,46742,2194020,2240762,1440762
3525,ET: The Extra-Terrestrial,10500000,435110554,792965326,1228075880,1217575880
559,Eagle Eye,80000000,101440743,180585259,282026002,202026002
1197,Early Man,50000000,8267544,45285890,53553434,3553434
1235,Earth,47000000,32011576,116773317,148784893,101784893
3261,Earth to Echo,13000000,38934842,42174545,81109387,68109387
4710,East is East,3000000,4170647,30438635,34609282,31609282
1186,Eastern Promises,50000000,17181265,56077088,73258353,23258353
3866,Easy A,8000000,58401464,76200721,134602185,126602185
3219,Easy Virtue,14000000,2656784,20537741,23194525,9194525
866,Eat Pray Love,60000000,80574010,206598789,287172799,227172799
2385,Eddie the Eagle,23000000,15789389,45060480,60849869,37849869
4969,Eden Lake,2000000,7321,4294373,4301694,2301694
907,Edge of Darkness,60000000,43313890,82812456,126126346,66126346
94,Edge of Tomorrow,178000000,100206256,370541256,470747512,292747512
2522,Edward Scissorhands,20000000,53976987,53976987,107953974,87953974
1403,Eight Below,40000000,81612565,120455994,202068559,162068559
1960,Eight Legged Freaks,30000000,17266505,36722311,53988816,23988816
4894,Eighth Grade,2000000,13539710,14341016,27880726,25880726
2937,El Laberinto del Fauno,16000000,37634615,87041569,124676184,108676184
5773,El Mariachi,7000,2040920,2041928,4082848,4075848
5022,El crimen de padre Amaro,1800000,5719000,5719000,11438000,9638000
4506,El orfanato,4000000,7159147,79250193,86409340,82409340
4607,El secreto de sus ojos,3500000,6391436,40527719,46919155,43419155
3840,Election,8500000,14943582,17202854,32146436,23646436
811,Elektra,65000000,24409722,56824633,81234355,16234355
4729,Elephant,3000000,1266955,10051516,11318471,8318471
1788,Elf,32000000,173840591,220678483,394519074,362519074
2232,Elizabeth,25000000,30082699,82150642,112233341,87233341
1037,Elizabeth: The Golden Age,55000000,16285240,74870866,91156106,36156106
1053,Elizabethtown,54000000,26850426,50719373,77569799,23569799
1706,Ella Enchanted,35000000,22913677,22913677,45827354,10827354
3167,Elle s'appelait Sarah,14500000,7691700,25480031,33171731,18671731
4691,Elmer Gantry,3000000,10400000,10400000,20800000,17800000
291,Elysium,120000000,93050117,286192091,379242208,259242208
4196,Emma,5900000,22231658,37831658,60063316,54163316
4595,Empire,3500000,17504595,18495444,36000039,32500039
3589,Employee of the Month,10000000,28444855,38364855,66809710,56809710
497,Enchanted,85000000,127706877,340384141,468091018,383091018
385,End of Days,100000000,66889043,212026975,278916018,178916018
3028,End of Watch,15000000,41003371,57586606,98589977,83589977
3628,End of the Spear,10000000,11748661,11924041,23672702,13672702
335,Ender's Game,110000000,61737191,127983283,189720474,79720474
2581,Endless Love,20000000,23438250,34718173,58156423,38156423
510,Enemy at the Gates,85000000,51396781,96971293,148368074,63368074
502,Enemy of the State,85000000,111549836,250649836,362199672,277199672
1567,Enough,38000000,39177215,50970660,90147875,52147875
3887,Enough Said,8000000,17550872,25621449,43172321,35172321
1929,Entourage,30000000,32363404,46438538,78801942,48801942
767,Entrapment,66000000,87707396,211700000,299407396,233407396
4650,Entre les murs,3250000,3766810,34114067,37880877,34630877
2627,Envy,20000000,13548322,14566246,28114568,8114568
376,Epic,100000000,107518682,262794441,370313123,270313123
2539,Epic Movie,20000000,39739367,86858578,126597945,106597945
382,Eragon,100000000,75030163,249488115,324518278,224518278
377,Eraser,100000000,101295562,234400000,335695562,235695562
5681,Eraserhead,100000,7000000,7014590,14014590,13914590
1094,Erin Brockovich,50000000,125548685,257805243,383353928,333353928
1427,Escape From Planet Earth,40000000,57012977,74156610,131169587,91169587
736,Escape Plan,70000000,25135965,103735965,128871930,58871930
3869,Escape from Alcatraz,8000000,43000000,43000000,86000000,78000000
1172,Escape from L.A.,50000000,25426861,25426861,50853722,853722
4125,Escape from New York,6000000,25244700,25245925,50490625,44490625
4819,Escape from the Planet of the Apes,2500000,12300000,12300000,24600000,22100000
2553,Eternal Sunshine of the Spotless Mind,20000000,34366518,72570762,106937280,86937280
2254,Eurotrip,25000000,17718223,20718223,38436446,13436446
108,Evan Almighty,175000000,100289690,174131329,274421019,99421019
4299,Eve's Bayou,5000000,14843425,14843425,29686850,24686850
2126,Ever After: A Cinderella Story,26000000,65705772,65705772,131411544,105411544
802,Everest,65000000,43482270,221297061,264779331,199779331
2644,Everyone Says I Love You,20000000,9725847,34600000,44325847,24325847
4349,Everything Must Go,5000000,2712131,2821010,5533141,533141
4892,Everything You Always Wanted to Know,2000000,18016290,18016290,36032580,34032580
3569,"Everything, Everything",10000000,34121140,61603136,95724276,85724276
2876,Evil Dead,17000000,54239856,97778356,152018212,135018212
4608,Evil Dead II,3500000,5923044,5926177,11849221,8349221
1020,Evita,55000000,50047179,151947179,201994358,146994358
588,Evolution,80000000,38311134,98341932,136653066,56653066
3271,Ex Machina,13000000,25440971,38358392,63799363,50799363
1014,Executive Decision,55000000,56679192,122079192,178758384,123758384
5748,Exeter,25000,0,489792,489792,464792
1771,Exit Wounds,33000000,51758599,79958599,131717198,98717198
4485,Exodus,4000000,21750000,21750000,43500000,39500000
215,Exodus: Gods and Kings,140000000,65014513,268314513,333329026,193329026
3193,Exorcist II: The Heretic,14000000,25011000,25011000,50022000,36022000
616,Exorcist: The Beginning,78000000,41814863,43957541,85772404,7772404
5075,Exotica,1500000,5046118,5046118,10092236,8592236
3959,Extract,7500000,10823158,10849158,21672316,14172316
1469,Extremely Loud and Incredibly Close,40000000,31847881,55247881,87095762,47095762
2573,Eye for an Eye,20000000,26792700,26792700,53585400,33585400
3274,Eye in the Sky,13000000,18704596,35402802,54107398,41107398
3077,Eye of the Beholder,15000000,16500786,18260865,34761651,19761651
796,Eyes Wide Shut,65000000,55691208,104267443,159958651,94958651
3487,F.I.S.T,11000000,20388920,20388920,40777840,29777840
554,Face/Off,80000000,112276146,241200000,353476146,273476146
5680,Facing the Giants,100000,10178331,10243159,20421490,20321490
4328,Fahrenheit 11/9,5000000,6352306,6653715,13006021,8006021
4114,Fahrenheit 9/11,6000000,119114517,221148959,340263476,334263476
1104,Failure to Launch,50000000,88715192,128402901,217118093,167118093
2802,Fame,18000000,22455510,80227619,102683129,84683129
4686,Family Plot,3000000,13200000,13200000,26400000,23400000
4868,Fantasia,2280000,83320000,83320000,166640000,164360000
576,Fantasia 2000 (Theatrical Release),80000000,69610858,69618634,139229492,59229492
84,Fantastic Beasts and Where to Find Them,180000000,234037575,802402853,1036440428,856440428
59,Fantastic Beasts: The Crimes of Grindelwald,200000000,159555901,652220086,811775987,611775987
484,Fantastic Four,87500000,154696080,333132750,487828830,400328830
286,Fantastic Four: Rise of the Silver Surfer,120000000,131921738,289480691,421402429,301402429
1495,Fantastic Mr. Fox,40000000,21002919,47083412,68086331,28086331
3234,Far From Heaven,13500000,15901849,29027914,44929763,31429763
4004,Fargo,7000000,24567751,51204567,75772318,68772318
492,Fast & Furious,85000000,155064265,363064265,518128530,433128530
266,Fast Five,125000000,210031325,630163454,840194779,715194779
4426,Fast Times at Ridgemont High,4500000,27092880,27092880,54185760,49685760
139,Fast and Furious 6,160000000,238679850,789300444,1027980294,867980294
2352,Faster,24000000,23240020,35792945,59032965,35032965
1286,Fat Albert,45000000,48114556,48563556,96678112,51678112
3172,Fatal Attraction,14000000,156645693,320100000,476745693,462745693
2255,Father Figures,25000000,17501244,21038441,38539685,13539685
2760,Fear and Loathing in Las Vegas,18500000,10680275,13711903,24392178,5892178
3937,Feichang Xingyun,8000000,0,21970000,21970000,13970000
2336,Fences,24000000,57682904,64282881,121965785,97965785
5467,Feng kuang de shi tou,500000,0,3000000,3000000,2500000
313,Ferdinand,111000000,84410380,289847930,374258310,263258310
5132,Festen,1300000,1647780,1647780,3295560,1995560
1450,Fever Pitch,40000000,42071069,50071069,92142138,52142138
3769,Fiddler on the Roof,9000000,80500000,80500000,161000000,152000000
990,Fifty Shades Darker,55000000,114434010,381398492,495832502,440832502
996,Fifty Shades Freed,55000000,100407760,371350619,471758379,416758379
4314,Fifty Shades of Black,5000000,11686940,22113075,33800015,28800015
1377,Fifty Shades of Grey,40000000,166167230,570998101,737165331,697165331
805,Fight Club,65000000,37030102,100851705,137881807,72881807
2244,Fighting,25000000,23091010,32831707,55922717,30922717
3485,Fighting With My Family,11000000,22958583,39049922,62008505,51008505
5151,Filly Brown,1250000,2850357,2940411,5790768,4540768
2373,Final Destination,23000000,53302314,112036870,165339184,142339184
2133,Final Destination 2,26000000,46896664,90396664,137293328,111293328
2190,Final Destination 3,25000000,54098051,112798051,166896102,141896102
1448,Final Destination 5,40000000,42587643,155011165,197598808,157598808
45,Finding Dory,200000000,486295561,1021215193,1507510754,1307510754
1335,Finding Forrester,43000000,51768623,80013623,131782246,88782246
424,Finding Nemo,94000000,380529370,936429370,1316958740,1222958740
2193,Finding Neverland,25000000,51676606,115036108,166712714,141712714
2607,Fired Up,20000000,17231291,18608570,35839861,15839861
2462,Firefox,21000000,45785720,45785720,91571440,70571440
5428,Fireproof,500000,33456317,33473297,66929614,66429614
3079,Firestarter,15000000,15136870,15136870,30273740,15273740
1136,Firewall,50000000,48751189,82751189,131502378,81502378
3181,First Blood,14000000,47212904,125212904,172425808,158425808
660,First Knight,75000000,37361412,127361412,164722824,89722824
905,First Man,60000000,44936545,105203825,150140370,90140370
4610,First Reformed,3500000,3448256,3874772,7323028,3823028
4735,Fish Tank,3000000,374675,5922292,6296967,3296967
2228,Fist Fight,25000000,32187017,40286416,72473433,47473433
3990,Five Feet Apart,7000000,45729221,80504421,126233642,119233642
5258,Fiza,1000000,623791,1179462,1803253,803253
1062,Flags of Our Fathers,53000000,33602376,63657941,97260317,44260317
1696,Flash Gordon,35000000,27107960,27107960,54215920,19215920
3988,Flashdance,7000000,90463574,201463574,291927148,284927148
2127,Flatliners,26000000,61308153,61308153,122616306,96616306
1961,Fled,30000000,17192205,19892205,37084410,7084410
3067,Flicka,15000000,21000147,21896367,42896514,27896514
1822,Flight,31000000,93772375,160558438,254330813,223330813
1001,Flightplan,55000000,89706988,214392904,304099892,249099892
2156,Flipper,25530000,20080020,30593313,50673333,25143333
4014,Flirting with Disaster,7000000,14853474,16149180,31002654,24002654
2021,Florence Foster Jenkins,29000000,27383770,56000339,83384109,54384109
564,Flubber,80000000,92993801,177993801,270987602,190987602
195,Flushed Away,149000000,64665672,179357126,244022798,95022798
2269,Fly Me To the Moon,25000000,14543943,43530281,58074224,33074224
798,Focus,65000000,53862963,168065700,221928663,156928663
5778,Following,6000,48482,240495,288977,282977
5237,"Food, Inc.",1000000,4417674,4731944,9149618,8149618
680,Fool's Gold,72500000,70231041,109362966,179594007,107094007
5050,Foolish,1600000,6026908,6026908,12053816,10453816
2338,Footloose,24000000,51802742,62989834,114792576,90792576
2466,For Colored Girls,21000000,37729698,38017873,75747571,54747571
3413,For Greater Glory: The True Story of Cristiada,12000000,5669081,10026255,15695336,3695336
1156,For Love of the Game,50000000,35188640,46112640,81301280,31301280
2048,For Your Eyes Only,28000000,54800000,195300000,250100000,222100000
5347,"For a Good Time, Call",850000,1251749,1386088,2637837,1787837
4326,Force 10 from Navarone,5000000,7100000,7100000,14200000,9200000
4597,Forever My Girl,3500000,16376066,16376066,32752132,29252132
1875,Forgetting Sarah Marshall,30000000,63172463,105173042,168345505,138345505
981,Forrest Gump,55000000,330151138,679850637,1010001775,955001775
3412,Fortress,12000000,6730578,46730578,53461156,41461156
1866,Four Brothers,30000000,74494381,92494381,166988762,136988762
553,Four Christmases,80000000,120146040,168311558,288457598,208457598
4511,Four Rooms,4000000,4301000,4301000,8602000,4602000
4424,Four Weddings and a Funeral,4500000,52700832,242895809,295596641,291096641
3494,Frailty,11000000,13110448,19947280,33057728,22057728
4713,Frances Ha,3000000,4067398,11262769,15330167,12330167
1302,Frankenstein,45000000,22006296,112006296,134012592,89012592
1547,Frankenweenie,39000000,35287788,81150788,116438576,77438576
2120,Freaky Friday,26000000,110222438,160822438,271044876,245044876
3082,Freddy Got Fingered,15000000,14249005,14249005,28498010,13498010
2172,Freddy vs. Jason,25000000,82622655,114576403,197199058,172199058
4267,Freddyâs Dead: The Final Nightmare,5000000,34872033,34872033,69744066,64744066
1015,Free Birds,55000000,55750480,110387072,166137552,111137552
2507,Free Willy,20000000,77698625,153698625,231397250,211397250
2467,Freedom Writers,21000000,36605602,43632609,80238211,59238211
4601,Frenzy,3500000,12600000,12600000,25200000,21700000
1830,Frequency,31000000,44983704,68079671,113063375,82063375
3377,Frida,12000000,25885000,56131239,82016239,70016239
4592,Friday,3500000,27467564,27936778,55404342,51904342
3571,Friday After Next,10000000,33253609,33526835,66780444,56780444
1876,Friday Night Lights,30000000,61255921,61950770,123206691,93206691
5424,Friday the 13th,550000,39754601,59754601,99509202,98959202
5147,Friday the 13th Part 2,1250000,21722776,21722776,43445552,42195552
4869,Friday the 13th Part 3,2250000,36690067,36690067,73380134,71130134
4801,Friday the 13th Part IV: The Final Chapter,2600000,32980880,32980880,65961760,63361760
4871,Friday the 13th Part V: A New Beginning,2200000,21930418,21930418,43860836,41660836
4678,Friday the 13th Part VI: Jason Lives,3000000,19472057,19472057,38944114,35944114
4786,Friday the 13th Part VII: The New Blood,2800000,19170001,19170001,38340002,35540002
4301,Friday the 13th Part VIII: Jason Takes Manhattan,5000000,14343976,14343976,28687952,23687952
3469,Fried Green Tomatoes,11000000,81204830,81204830,162409660,151409660
3747,Friend Request,9900000,3759078,11310835,15069913,5169913
1654,Friends with Benefits,35000000,55802754,146595891,202398645,167398645
4091,Friends with Money,6500000,13368437,18110152,31478589,24978589
1957,Fright Night,30000000,18298649,40520649,58819298,28819298
2576,From Dusk Till Dawn,20000000,25728961,25732986,51461947,31461947
1687,From Hell,35000000,31598308,68712365,100310673,65310673
5048,From Here to Eternity,1650000,30500000,30500000,61000000,59350000
1074,From Paris With Love,52000000,24077427,53139168,77216595,25216595
4887,From Russia With Love,2000000,24800000,78900000,103700000,101700000
2023,Frost/Nixon,29000000,18622031,28452945,47074976,18074976
155,Frozen,150000000,400738009,1272469910,1673207919,1523207919
5243,Frozen River,1000000,2511476,6030129,8541605,7541605
5337,Fruitvale Station,900000,16098998,17549645,33648643,32748643
4923,Full Frontal,2000000,2512846,3438804,5951650,3951650
1901,Full Metal Jacket,30000000,45015999,45015999,90031998,60031998
3209,Fun Size,14000000,9409538,11166615,20576153,6576153
214,Fun With Dick And Jane,140000000,110550000,203018919,313568919,173568919
5739,Funny Ha Ha,30000,77070,82698,159768,129768
681,Funny People,72500000,51855045,71880305,123735350,51235350
66,Furious 7,190000000,353007020,1518722794,1871729814,1681729814
1716,Furry Vengeance,35000000,17630465,39340177,56970642,21970642
567,Fury,80000000,85817906,210315681,296133587,216133587
184,G-Force,150000000,119436770,292817841,412254611,262254611
1138,G.I. Jane,50000000,48169156,48169156,96338312,46338312
212,G.I. Joe: Retaliation,140000000,122523060,375740705,498263765,358263765
105,G.I. Joe: The Rise of Cobra,175000000,150201498,302469017,452670515,277670515
5716,Gabriela,50000,2335352,2335352,4670704,4620704
1762,Gake no ue no Ponyo,34000000,15090399,205312666,220403065,186403065
4223,Galaxina,5500000,4865000,4865000,9730000,4230000
1268,Galaxy Quest,45000000,71423726,90523726,161947452,116947452
4706,Gallipoli,3000000,5732587,5732587,11465174,8465174
1593,Game Night,37000000,69179066,117378084,186557150,149557150
1181,Gamer,50000000,20534907,42002029,62536936,12536936
2413,Gandhi,22000000,52767889,127767889,180535778,158535778
410,Gangs of New York,97000000,77730500,183124621,260855121,163855121
903,Gangster Squad,60000000,46000903,104100903,150101806,90101806
4814,Garden State,2500000,26782316,36028802,62811118,60311118
929,Garfield: A Tail of Two Kitties,60000000,28426747,147985373,176412120,116412120
1115,Garfield: The Movie,50000000,75367693,208094550,283462243,233462243
4902,Gentleman's Agreement,2000000,7800000,7800000,15600000,13600000
4554,Geograf globus propil,4000000,0,4454853,4454853,454853
2755,George A. Romero's Land of the Dead,18975000,20700082,47751015,68451097,49476097
992,George Of The Jungle,55000000,105263257,174463257,279726514,224726514
5727,George Washington,42000,241816,342722,584538,542538
2597,Georgia Rule,20000000,18882880,20819601,39702481,19702481
398,Geostorm,100000000,33700160,220796009,254496169,154496169
1396,Get Hard,40000000,90411453,106511453,196922906,156922906
1421,Get Him to the Greek,40000000,61153526,91455875,152609401,112609401
4022,Get Low,7000000,9176933,10828305,20005238,13005238
4248,Get Out,5000000,176040665,255367951,431408616,426408616
3629,Get Over It,10000000,11560259,19860259,31420518,21420518
4937,Get Real,2000000,1152411,1152411,2304822,304822
1473,Get Rich or Die Tryin',40000000,30981850,46666955,77648805,37648805
1834,Get Shorty,30250000,72021008,115021008,187042016,156792016
549,Get Smart,80000000,130319208,226739416,357058624,277058624
1934,Get on Up,30000000,30569935,33339868,63909803,33909803
4852,Get on the Bus,2400000,5691854,5691854,11383708,8983708
2819,Getaway,18000000,10501938,11813989,22315927,4315927
2404,Ghost,22000000,217631306,517600000,735231306,713231306
4921,Ghost Dog: The Way of the Samurai,2000000,3330230,10672492,14002722,12002722
288,Ghost Rider,120000000,115802596,229545589,345348185,225348185
972,Ghost Rider: Spirit of Vengeance,57000000,51774002,149217355,200991357,143991357
2565,Ghost Ship,20000000,30113491,68349884,98463375,78463375
2630,Ghost Town,20000000,13367624,29958228,43325852,23325852
4221,Ghost World,5500000,6217849,8761608,14979457,9479457
339,Ghost in the Shell,110000000,40563557,167910690,208474247,98474247
203,Ghostbusters,144000000,128350574,229008658,357359232,213359232
4003,Gifted,7000000,24801212,36964656,61765868,54765868
3401,Girl with a Pearl Earring,12000000,11634362,43274797,54909159,42909159
2349,"Girl, Interrupted",24000000,28871190,28871190,57742380,33742380
2035,Girls Trip,28000000,115108515,140886353,255994868,227994868
355,Gladiator,103000000,187683805,457683805,645367610,542367610
2499,Glass,20000000,111035005,245303505,356338510,336338510
3789,Glee: The 3D Concert Movie,9000000,11862398,17462398,29324796,20324796
3323,Glengarry Glen Ross,12500000,10725228,10725228,21450456,8950456
3845,Glitter,8500000,4273372,4273372,8546744,46744
2795,Glory,18000000,26593580,26593580,53187160,35187160
1906,Glory Road,30000000,42647449,42799060,85446509,55446509
1605,Gnomeo and Juliet,36000000,99967670,193737977,293705647,257705647
4090,Go!,6500000,16875273,28383441,45258714,38758714
5541,God's Army,300000,2637726,2652515,5290241,4990241
4606,Gods and Monsters,3500000,6451628,6451628,12903256,9403256
217,Gods of Egypt,140000000,31153464,138836756,169990220,29990220
1968,Godsend,30000000,14334645,16910708,31245353,1245353
273,Godzilla,125000000,136314294,376000000,512314294,387314294
5223,Godzilla 2000,1000000,10037390,10037390,20074780,19074780
124,Godzilla: King of the Monsters,170000000,85576941,299276941,384853882,214853882
5189,Godâs Not Dead,1150000,60755732,63777092,124532824,123382824
4284,Godâs Not Dead 2,5000000,20773069,23551286,44324355,39324355
2339,Going in Style,24000000,45018541,78672579,123691120,99691120
1810,Going the Distance,32000000,17804299,43603990,61408289,29408289
852,Goldeneye,60000000,106429941,356429941,462859882,402859882
4667,Goldfinger,3000000,51100000,124900000,176000000,173000000
4110,Gomorra,6200000,1579146,37339594,38918740,32718740
835,Gone Girl,61000000,167767189,368567189,536334378,475334378
354,Gone in 60 Seconds,103300000,101643008,232643008,334286016,230986016
4567,Gone with the Wind,3900000,198680470,390525192,589205662,585305662
2741,"Gone, Baby, Gone",19000000,20300218,34352162,54652380,35652380
2883,Good Boy!,17000000,37667746,45312217,82979963,65979963
4105,"Good Bye, Lenin!",6400000,4063859,79384539,83448398,77048398
2221,Good Luck Chuck,25000000,35017297,59183821,94201118,69201118
3244,Good Morning Vietnam,13000000,123922370,123922370,247844740,234844740
3997,"Good Night, and Good Luck",7000000,31501218,56586901,88088119,81088119
3536,Good Will Hunting,10000000,138433435,225925989,364359424,354359424
2200,Goodfellas,25000000,46743809,46777347,93521156,68521156
957,Goosebumps,58000000,80069458,158905324,238974782,180974782
1662,Goosebumps 2: Haunted Halloween,35000000,46697321,93291478,139988799,104988799
2787,Gosford Park,18000000,41300105,41300105,82600210,64600210
3213,Gossip,14000000,5108820,12591270,17700090,3700090
1422,Gothika,40000000,59588068,141484812,201072880,161072880
3663,Gotti,10000000,4286367,6089100,10375467,375467
5042,Grace Unplugged,1700000,2507159,2507159,5014318,3314318
5568,Graduation Day,250000,23894000,23894000,47788000,47538000
2164,Gran Torino,25000000,148095302,274543085,422638387,397638387
4331,Grandmaâs Boy,5000000,6090172,6590172,12680344,7680344
4975,Grave Encounters,2000000,0,2151887,2151887,151887
315,Gravity,110000000,274092705,693698673,967791378,857791378
4112,Grease,6000000,181813770,387510179,569323949,563323949
2370,Green Book,23000000,85080171,322034439,407114610,384114610
61,Green Lantern,200000000,116601172,219535492,336136664,136136664
4345,Green Room,5000000,3220371,3807503,7027874,2027874
397,Green Zone,100000000,35497337,97523020,133020357,33020357
3465,Gremlins,11000000,148168459,148199515,296367974,285367974
1146,Gremlins 2: The New Batch,50000000,41476097,41476097,82952194,32952194
1917,Gridiron Gang,30000000,38432823,41457834,79890657,49890657
5469,Griffin & Phoenix,500000,0,1355967,1355967,855967
1063,Grindhouse,53000000,25031037,50187789,75218826,22218826
5440,Groove,500000,1115313,1167524,2282837,1782837
3054,Grosse Pointe Blank,15000000,28084357,31070412,59154769,44154769
3164,Groundhog Day,14600000,70906973,70906973,141813946,127213946
633,Grown Ups,75000000,162001186,272223430,434224616,359224616
547,Grown Ups 2,80000000,133668525,247023808,380692333,300692333
1476,Grudge Match,40000000,29807260,69807260,99614520,59614520
113,Guardians of the Galaxy,170000000,333172112,770867516,1104039628,934039628
48,Guardians of the Galaxy Vol 2,200000000,389813101,862316233,1252129334,1052129334
1643,Guess Who,35000000,68915888,102115888,171031776,136031776
312,Gulliver's Travels,112000000,42779261,232017848,274797109,162797109
4538,"Guten Tag, Ramon",4000000,154356,4854356,5008712,1008712
3424,Gwoemul,12000000,2201923,92618117,94820040,82820040
3839,Haakon Haakonsen,8500000,15024232,15024232,30048464,21548464
2980,Hachiko: A Dog's Story,16000000,0,47707417,47707417,31707417
1416,Hacksaw Ridge,40000000,67209615,168904682,236114297,196114297
2979,Haeundae,16000000,0,64733391,64733391,48733391
4227,Haevnen,5500000,1008098,15867314,16875412,11375412
2421,"Hail, Caesar!",22000000,30080225,64160680,94240905,72240905
639,Hairspray,75000000,118871849,203035572,321907421,246907421
3888,Half Baked,8000000,17394881,17394881,34789762,26789762
5390,Half Nelson,700000,2697938,4911725,7609663,6909663
2261,Half Past Dead,25000000,15567860,19233280,34801140,9801140
756,Hall Pass,68000000,45060734,87173475,132234209,64234209
5536,Halloween,325000,47000000,70000000,117000000,116675000
3042,Halloween 2,15000000,33392973,38512850,71905823,56905823
4817,Halloween 3: Season of the Witch,2500000,14400000,14400000,28800000,26300000
4292,Halloween 4: The Return of Michael Myers,5000000,17768757,17768757,35537514,30537514
4144,Halloween 5: The Revenge of Michael Myers,6000000,11642254,11642254,23284508,17284508
4816,Halloween II,2500000,25533818,25533818,51067636,48567636
2875,Halloween: H2O,17000000,55041738,55041738,110083476,93083476
3047,Halloween: Resurrection,15000000,30259652,37659652,67919304,52919304
4297,Halloween: The Curse of Michael Myers,5000000,15126948,15126948,30253896,25253896
3796,Hamlet 2,9000000,4886216,4934104,9820320,820320
162,Hancock,150000000,227946274,624234272,852180546,702180546
5021,Hang 'em High,1800000,6800000,6800000,13600000,11800000
1462,Hanging Up,40000000,36037909,51867723,87905632,47905632
1913,Hanna,30000000,40259119,65343694,105602813,75602813
1861,Hannah Montana the Movie,30000000,79576189,169173206,248749395,218749395
4084,Hannah Montana/Miley Cyrus: Best of Both Worlds Concert Tour,6500000,65281781,70712099,135993880,129493880
485,Hannibal,87000000,165092266,350100280,515192546,428192546
1165,Hannibal Rising,50000000,27669725,80583311,108253036,58253036
1126,Hansel & Gretel: Witch Hunters,50000000,55703475,214949716,270653191,220653191
1237,Happily N'Ever After,47000000,15849032,37923818,53772850,6772850
4725,Happiness,3000000,2746453,5746453,8492906,5492906
4257,Happy Death Day,5000000,55683845,125010260,180694105,175694105
3777,Happy Death Day 2U,9000000,28051045,64179495,92230540,83230540
488,Happy Feet,85000000,198000317,385000317,583000634,498000634
232,Happy Feet Two,135000000,64006466,157956466,221962932,86962932
3559,Happy Gilmore,10000000,38623460,41004412,79627872,69627872
5043,"Happy, Texas",1700000,2039192,2891228,4930420,3230420
5327,Hard Candy,950000,1024640,8267066,9291706,8341706
2465,Hardball,21000000,40222729,43728560,83951289,62951289
4899,Hardcore Henry,2000000,9252038,17187434,26439472,24439472
1877,Harlem Nights,30000000,60857262,95857262,156714524,126714524
3363,Harold & Kumar Escape from Guantanamo Bay,12000000,38108728,43353117,81461845,69461845
3781,Harold & Kumar Go to White Castle,9000000,18225165,18225165,36450330,27450330
4602,Harper,3500000,12000000,12000000,24000000,20500000
3268,Harriet the Spy,13000000,26570048,26570048,53140096,40140096
3980,Harry Brown,7300000,1818681,12023606,13842287,6542287
363,Harry Potter and the Chamber of Secrets,100000000,262233381,879225135,1141458516,1041458516
263,Harry Potter and the Deathly Hallows: Part I,125000000,296131568,960431568,1256563136,1131563136
260,Harry Potter and the Deathly Hallows: Part II,125000000,381193157,1341693157,1722886314,1597886314
158,Harry Potter and the Goblet of Fire,150000000,290201752,897099794,1187301546,1037301546
19,Harry Potter and the Half-Blood Prince,250000000,302089278,935213767,1237303045,987303045
157,Harry Potter and the Order of the Phoenix,150000000,292137260,943076457,1235213717,1085213717
238,Harry Potter and the Prisoner of Azkaban,130000000,249757726,796907323,1046665049,916665049
262,Harry Potter and the Sorcererâs Stone,125000000,317871467,975047606,1292919073,1167919073
4920,Harsh Times,2000000,3337931,6225304,9563235,7563235
2361,Hauru no ugoku shiro,24000000,4710455,237814327,242524782,218524782
5398,Hav Plenty,650000,2301777,2301777,4603554,3953554
3037,Hawaii,15000000,34562222,34562222,69124444,54124444
2382,Haywire,23000000,18942396,36374700,55317096,32317096
2248,He Got Game,25000000,21567853,22411948,43979801,18979801
1392,He's Just Not That Into You,40000000,93953653,181053657,275007310,235007310
3208,Head Over Heels,14000000,10397365,10397365,20794730,6794730
1622,Head of State,35200000,37788228,38283765,76071993,40871993
3657,Heartbeeps,10000000,6000000,6000000,12000000,2000000
1566,Heartbreakers,38000000,40334024,57753825,98087849,60087849
4924,Hearts Beat Loud,2000000,2386254,2420962,4807216,2807216
1831,Hearts in Atlantis,31000000,24185781,30885781,55071562,24071562
3003,Heaven Can Wait,15000000,98800000,98800000,197600000,182600000
3345,Heaven is for Real,12000000,91386097,100916299,192302396,180302396
4347,Heavenly Creatures,5000000,3046086,5438120,8484206,3484206
3762,Heavy Metal,9300000,19571091,19571091,39142182,29842182
4164,Hedwig and the Angry Inch,6000000,3067312,3740030,6807342,807342
3903,Held Up,8000000,4714090,4714090,9428180,1428180
4219,Hell Fest,5500000,11107431,18119231,29226662,23726662
3376,Hell or High Water,12000000,27007844,37584304,64592148,52592148
883,Hellboy,60000000,59623958,99823958,159447916,99447916
531,Hellboy II: The Golden Army,82500000,75986503,160388063,236374566,153874566
2344,"Hello, Dolly",24000000,33208099,33208099,66416198,42416198
5221,"Hello, My Name is Doris",1000000,14444999,14662703,29107702,28107702
5220,Hellraiser,1000000,14564000,14575148,29139148,28139148
3790,Henry V,9000000,10161099,10176701,20337800,11337800
2379,Her,23000000,25568251,48163815,73732066,50732066
1121,Herbie: Fully Loaded,50000000,66010682,144110682,210121364,160121364
383,Hercules,100000000,72688614,243388614,316077228,216077228
1351,Here Comes the Boom,42000000,45290318,73239258,118529576,76529576
3097,Here on Earth,15000000,10494147,10845127,21339274,6339274
1160,Hereafter,50000000,32746941,108660270,141407211,91407211
3555,Hereditary,10000000,44069456,70133905,114203361,104203361
1362,Hero,42000000,19487173,66787173,86274346,44274346
5511,Heroes,400000,655538,655538,1311076,911076
3624,Hey Arnold! The Movie,10000000,13684949,13684949,27369898,17369898
614,Hidalgo,78000000,67286731,108086731,175373462,97373462
2163,Hidden Figures,25000000,169607287,231771716,401379003,376379003
2195,Hide and Seek,25000000,51100486,123696741,174797227,149797227
4635,High Anxiety,3400000,31063038,31063038,62126076,58726076
1352,High Crimes,42000000,41543207,63781100,105324307,63324307
2570,High Fidelity,20000000,27277055,47881663,75158718,55158718
5387,High Noon,730000,8000000,8000000,16000000,15270000
4218,High Plains Drifter,5500000,15700000,15700000,31400000,25900000
3468,High School Musical 3: Senior Year,11000000,90559416,274392880,364952296,353952296
4782,High Tension,2850000,3681066,6435262,10116328,7266328
2963,Highlander,16000000,5900000,12900000,18800000,2800000
3088,Highlander: Endgame,15000000,12801190,12801190,25602380,10602380
2146,Highlander: The Final Dimension,26000000,13738574,13738574,27477148,1477148
4307,Hillaryâs America: The Secret History of the Democratic Party,5000000,13099931,13099931,26199862,21199862
3481,History of the World: Part I,11000000,31672000,31672000,63344000,52344000
2436,Hit & Run,22000000,13749300,17216955,30966255,8966255
984,Hitch,55000000,177784257,366784257,544568514,489568514
2343,Hitman,24000000,39687694,99135571,138823265,114823265
1707,Hitman: Agent 47,35000000,22467450,82182803,104650253,69650253
2057,Hocus Pocus,28000000,39360491,39360491,78720982,50720982
4239,Hodejegerne,5250000,1200010,20188740,21388750,16138750
1704,Hoffa,35000000,23365858,28391473,51757331,16757331
2512,Holes,20000000,67383924,71232214,138616138,118616138
461,Hollow Man,90000000,73209340,191200000,264409340,174409340
2965,Hollywood Ending,16000000,4839383,14839383,19678766,3678766
664,Hollywood Homicide,75000000,30207785,50409753,80617538,5617538
5682,Hollywood Shuffle,100000,5228617,5228617,10457234,10357234
1357,Holmes & Watson,42000000,30568743,41926605,72495348,30495348
4524,Holy Motors,4000000,641054,4230426,4871480,871480
243,Home,130000000,177397510,385997896,563395406,433395406
3056,Home Again,15000000,27020284,37336874,64357158,49357158
2991,Home Alone,15000000,285761243,476684675,762445918,747445918
2488,Home Alone 2: Lost in New York,20000000,173585516,358994850,532580366,512580366
3096,Home Fries,15000000,10513979,10513979,21027958,6027958
5165,Home Run,1200000,2859955,2859955,5719910,4519910
2605,Home for the Holidays,20000000,17468887,22119269,39588156,19588156
336,Home on the Range,110000000,50026353,76482461,126508814,16508814
2428,Homefront,22000000,20158492,51695362,71853854,49853854
2791,Honey,18000000,30272254,62646763,92919017,74919017
2859,Hoodwinked,17500000,51386611,109843390,161230001,143730001
1978,Hoodwinked Too: Hood vs. Evil,30000000,10143779,23353111,33496890,3496890
701,Hook,70000000,119654823,300854823,420509646,350509646
5388,Hoop Dreams,700000,7768371,11768371,19536742,18836742
3110,Hoot,15000000,8117637,8224998,16342635,1342635
826,Hop,63000000,108085305,188657593,296742898,233742898
1879,Hope Floats,30000000,60110313,81529000,141639313,111639313
1874,Hope Springs,30000000,63536011,133085295,196621306,166621306
1633,Horrible Bosses,35000000,117538559,212417601,329956160,294956160
1430,Horrible Bosses 2,40000000,54445357,105945357,160390714,120390714
493,Horton Hears a Who,85000000,154529439,299477886,454007325,369007325
662,Hostage,75000000,34636443,77636443,112272886,37272886
4406,Hostel,4800000,47326473,82241110,129567583,124767583
3957,Hostel: Part II,7500000,17544812,33606409,51151221,43651221
2945,Hot Fuzz,16000000,23618786,81742618,105361404,89361404
1678,Hot Pursuit,35000000,34580201,45671512,80251713,45251713
2272,Hot Rod,25000000,13938332,14334401,28272733,3272733
1609,Hot Tub Time Machine,36000000,50269859,65967750,116237609,80237609
3206,Hot Tub Time Machine 2,14000000,12314651,12826644,25141295,11141295
3114,Hotel Artemis,15000000,6708137,12758799,19466936,4466936
2860,Hotel Rwanda,17500000,23519128,36521223,60040351,42540351
495,Hotel Transylvania,85000000,148313048,378505812,526818860,441818860
541,Hotel Transylvania 2,80000000,169700110,469500298,639200408,559200408
776,Hotel Transylvania 3: Summer Vacation,65000000,167500092,527079962,694580054,629580054
1642,Hotel for Dogs,35000000,73178547,122357172,195535719,160535719
4287,House Party 2,5000000,19438638,19438638,38877276,33877276
4072,House at the End of the Street,6900000,31611916,44103982,75715898,68815898
4018,"House of 1,000 Corpses",7000000,12634962,17005466,29640428,22640428
3404,House of Flying Daggers,12000000,11050094,92863945,103914039,91914039
2923,House of Sand and Fog,16500000,13005485,16157923,29163408,12663408
1686,House of Wax,35000000,32064800,70064800,102129600,67129600
4020,House of the Dead,7000000,10199354,13860078,24059432,17059432
2734,House on Haunted Hill,19000000,40846082,65090541,105936623,86936623
3533,Housefull,10100000,1183658,18726300,19909958,9809958
3372,How High,12000000,31155435,31222395,62377830,50377830
2544,How Stella Got Her Groove Back,20000000,37672944,37672944,75345888,55345888
282,How the Grinch Stole Christmas,123000000,260044825,345141403,605186228,482186228
3574,How to Be a Latin Lover,10000000,32149404,62556228,94705632,84705632
2955,How to Deal,16000000,14108518,14108518,28217036,12217036
1097,How to Lose a Guy in 10 Days,50000000,105807520,178890782,284698302,234698302
129,How to Train Your Dragon,165000000,217581232,494870992,712452224,547452224
198,How to Train Your Dragon 2,145000000,177002924,614586270,791589194,646589194
255,How to Train Your Dragon: The Hidden World,129000000,160791800,519258283,680050083,551050083
1597,How to be Single,37000000,46843513,100003780,146847293,109847293
1965,Howard the Duck,30000000,16295774,16295774,32591548,2591548
3876,Howards End,8000000,26124872,26317943,52442815,44442815
4820,Hud,2500000,10000000,10000000,20000000,17500000
88,Hugo,180000000,73864507,180047784,253912291,73912291
222,Hulk,137000000,132177234,245075434,377252668,240252668
4645,Human Traffic,3300000,104257,5422740,5526997,2226997
4824,Hunt for the Wilderpeople,2500000,5205471,23845533,29051004,26551004
5445,Hurricane Streets,500000,334041,367582,701623,201623
4785,Hustle & Flow,2800000,22202809,23591783,45794592,42994592
5625,Hybrid,200000,162605,162605,325210,125210
5231,I Am Not Your Negro,1000000,7123919,9617402,16741321,15741321
2417,I Am Sam,22000000,40270895,92542418,132813313,110813313
2730,I Can Do Bad All By Myself,19000000,51733921,51733921,103467842,84467842
3989,I Can Only Imagine,7000000,83482352,85604221,169086573,162086573
2357,I Don't Know How She Does It,24000000,9659074,24474463,34133537,10133537
1798,I Feel Pretty,32000000,48795601,91553797,140349398,108349398
4603,I Got the Hook-Up!,3500000,10317779,10317779,20635558,17135558
2438,I Heart Huckabees,22000000,12784713,20034713,32819426,10819426
2869,I Know What You Did Last Summer,17000000,72250091,125250091,197500182,180500182
2814,"I Love You, Beth Cooper",18000000,14800725,16382538,31183263,13183263
1411,"I Love You, Man",40000000,72013010,92302502,164315512,124315512
3301,"I Love You, Phillip Morris",13000000,2037459,23014027,25051486,12051486
5579,I Married a Strange Person,250000,203134,203134,406268,156268
499,I Now Pronounce You Chuck and Larry,85000000,119725280,185708462,305433742,220433742
5269,I Origins,1000000,336472,852399,1188871,188871
732,I Spy,70000000,33561137,60279822,93840959,23840959
2342,I Still Know What You Did Last Summer,24000000,40020622,40020622,80041244,56041244
3205,I Think I Love My Wife,14000000,12559771,13205411,25765182,11765182
5513,I Want Your Money,400000,433588,433588,867176,467176
160,I am Legend,150000000,256393010,585532684,841925694,691925694
1127,I am Number Four,50000000,55100437,146195159,201295596,151295596
813,"I, Frankenstein",65000000,19075290,74575290,93650580,28650580
347,"I, Robot",105000000,144801023,348629585,493430608,388430608
3482,"I, Tonya",11000000,30014534,53797409,83811943,72811943
773,Ice Age,65000000,176387405,386116343,562503748,497503748
351,Ice Age: Collision Course,105000000,64063008,402156682,466219690,361219690
413,Ice Age: Continental Drift,95000000,161321843,879765137,1041086980,946086980
442,Ice Age: Dawn of the Dinosaurs,90000000,196573705,859701857,1056275562,966275562
631,Ice Age: The Meltdown,75000000,195330621,651899282,847229903,772229903
2241,Ice Princess,25000000,24381334,25732334,50113668,25113668
4802,Ida,2600000,3827060,15298355,19125415,16525415
2051,Identity,28000000,52131264,82183683,134314947,106314947
1631,Identity Thief,35000000,134506920,175361578,309868498,274868498
3090,Idlewild,15000000,12669914,12669914,25339828,10339828
3395,If Beale Street Could Talk,12000000,14915773,19859167,34774940,22774940
3472,If I Stay,11000000,50474843,78356170,128831013,117831013
3797,Igby Goes Down,9000000,4777465,4777465,9554930,554930
2429,Igor,22000000,19528602,31013349,50541951,28541951
5163,"Il buono, il brutto, il cattivo",1200000,6100000,6100000,12200000,11000000
644,Immortals,75000000,83504017,211562435,295066452,220066452
1647,In & Out,35000000,63826569,83226569,147053138,112053138
3111,In Bruges,15000000,7800825,34533783,42334608,27334608
4599,In Cold Blood,3500000,13000000,13007551,26007551,22507551
2135,In Good Company,26000000,45489752,63489752,108979504,82979504
1673,In Time,35000000,37553932,165103952,202657884,167657884
4017,In Too Deep,7000000,14026509,15471229,29497738,22497738
5038,In the Bedroom,1700000,35930604,42137871,78068475,76368475
5746,In the Company of Men,25000,2883661,2883661,5767322,5742322
3419,In the Cut,12000000,4717455,23693646,28411101,16411101
400,In the Heart of the Sea,100000000,25020758,89693309,114714067,14714067
4890,In the Heat of the Night,2000000,24379978,24407647,48787625,46787625
3527,In the Land of Women,10500000,11052958,14140402,25193360,14693360
4938,In the Shadow of the Moon,2000000,1134358,2175587,3309945,1309945
2393,In the Valley of Elah,23000000,6777741,24489150,31266891,8266891
4338,Incarnate,5000000,4799774,9371036,14170810,9170810
4075,Incendies,6800000,6857096,16038343,22895439,16095439
137,Inception,160000000,292576195,835524642,1128100837,968100837
43,Incredibles 2,200000000,608581744,1242520711,1851102455,1651102455
626,Independence Day,75000000,306169255,817400878,1123570133,1048570133
132,Independence Day: Resurgence,165000000,103144286,384169424,487313710,322313710
75,Indiana Jones and the Kingdom of the Crystal Skull,185000000,317101119,786635413,1103736532,918736532
1213,Indiana Jones and the Last Crusade,48000000,197171806,474171806,671343612,623343612
2033,Indiana Jones and the Temple of Doom,28000000,179880271,333080271,512960542,484960542
2756,IndigÃ¨nes,18900000,320700,26063572,26384272,7484272
4792,Indivisible,2700000,3511417,3588305,7099722,4399722
663,Inferno,75000000,34343574,219519367,253862941,178862941
700,Inglourious Basterds,70000000,120774594,316915264,437689858,367689858
2655,Inherent Vice,20000000,8110975,14772346,22883321,2883321
939,Inkheart,60000000,17303424,66655938,83959362,23959362
4916,Inside Job,2000000,4311834,7799257,12111091,10111091
3493,Inside Llewyn Davis,11000000,13248209,32943247,46191456,35191456
1105,Inside Man,50000000,88634237,185798265,274432502,224432502
97,Inside Out,175000000,356461711,854235992,1210697703,1035697703
5062,Insidious,1500000,54009150,99870886,153880036,152380036
4252,Insidious Chapter 2,5000000,83586447,161921515,245507962,240507962
3550,Insidious Chapter 3,10000000,52218558,120453155,172671713,162671713
3544,Insidious: The Last Key,10000000,67745330,167885588,235630918,225630918
1246,Insomnia,46000000,67263182,113622499,180885681,134885681
643,Inspector Gadget,75000000,97387965,97387965,194775930,119775930
1219,Instant Family,48000000,67363237,119736188,187099425,139099425
1028,Instinct,55000000,34105207,34105207,68210414,13210414
131,Interstellar,165000000,188017894,666379375,854397269,689397269
1098,Interview with the Vampire: The Vampire Chronicles,50000000,105264608,223564608,328829216,278829216
1185,Into the Blue,50000000,18782227,41982227,60764454,10764454
1139,Into the Storm,50000000,47602194,150429371,198031565,148031565
2600,Into the Wild,20000000,18354356,56822960,75177316,55177316
976,Into the Woods,56200000,128002372,213116401,341118773,284918773
918,Intolerable Cruelty,60000000,35327628,121327628,156655256,96655256
3609,Invasion U.S.A.,10000000,17536256,17536256,35072512,25072512
913,Invictus,60000000,37491364,124514011,162005375,102005375
1426,Invincible,40000000,57806952,58501127,116308079,76308079
3661,Io sono lâamore,10000000,5005465,15121528,20126993,10126993
4222,Iris,5500000,5580479,5580479,11160958,5660958
73,Iron Man,186000000,318604126,585171547,903775673,717775673
114,Iron Man 2,170000000,312433331,621156389,933589720,763589720
47,Iron Man 3,200000000,408992272,1215392272,1624384544,1424384544
4234,Irreversible,5400000,792200,8133256,8925456,3525456
1829,Isnât it Romantic,31000000,48791187,48791187,97582374,66582374
1623,It,35000000,327481748,697457969,1024939717,989939717
4303,It Comes at Night,5000000,13985117,19720203,33705320,28705320
4893,It Follows,2000000,14674077,23250755,37924832,35924832
5537,It Happened One Night,325000,2500000,2500000,5000000,4675000
4953,It's All Gone Pete Tong,2000000,120620,2226603,2347223,347223
3900,It's Kind of a Funny Story,8000000,6363628,6632950,12996578,4996578
3759,It's a Mad Mad Mad Mad World,9400000,46300000,60000000,106300000,96900000
501,Itâs Complicated,85000000,112735375,224614744,337350119,252350119
4660,Itâs a Wonderful Life,3180000,6600000,10768908,17368908,14188908
5080,Iâm Not Ashamed,1500000,2082980,2082980,4165960,2665960
1675,J. Edgar,35000000,37306030,84606030,121912060,86912060
1413,JFK,40000000,70405498,205400000,275805498,235805498
1278,Jack,45000000,58617334,58617334,117234668,72234668
1157,Jack Frost,50000000,34645374,34645374,69290748,19290748
867,Jack Reacher,60000000,80070736,217370736,297441472,237441472
884,Jack Reacher: Never Go Back,60000000,58697076,159946489,218643565,158643565
896,Jack Ryan: Shadow Recruit,60000000,50577412,131377412,181954824,121954824
610,Jack and Jill,79000000,74158157,150519217,224677374,145677374
65,Jack the Giant Slayer,195000000,65187603,197687603,262875206,67875206
2497,Jackass 3D,20000000,117229692,171685793,288915485,268915485
3002,Jackass Presents: Bad Grandpa,15000000,102003019,160903019,262906038,247906038
3470,Jackass: Number Two,11000000,72778712,85278712,158057424,147057424
4256,Jackass: The Movie,5000000,64282312,79282312,143564624,138564624
3786,Jackie,9000000,13960394,36588512,50548906,41548906
3361,Jackie Brown,12000000,39673162,74727492,114400654,102400654
4632,Jagten,3450000,687185,18309793,18996978,15546978
3605,Jane Austen's Mafia,10000000,19843795,30143795,49987590,39987590
685,Jarhead,72000000,62647540,96947540,159595080,87595080
285,Jason Bourne,120000000,162192920,416168316,578361236,458361236
4684,Jason Goes to Hell: The Final Friday,3000000,15935068,15935068,31870136,28870136
3203,Jason X,14000000,13121555,16951798,30073353,16073353
4721,Jawbreaker,3000000,3076820,3076820,6153640,3153640
3340,Jaws,12000000,260000000,470700000,730700000,718700000
2500,Jaws 2,20000000,102922376,208900376,311822752,291822752
2386,Jaws 4: The Revenge,23000000,15728335,15728335,31456670,8456670
2422,Jay and Silent Bob Strike Back,22000000,30059386,33762400,63821786,41821786
3561,Jeepers Creepers,10000000,37904175,58939035,96843210,86843210
2219,Jeepers Creepers II,25000000,35623801,119923801,155547602,130547602
4343,Jekyll and Hyde... Together Again,5000000,3707583,3707583,7415166,2415166
2952,Jennifer's Body,16000000,16204793,31943401,48148194,32148194
1086,Jerry Maguire,50000000,153952592,274000000,427952592,377952592
1442,Jersey Boys,40000000,47047013,65282732,112329745,72329745
1700,Jersey Girl,35000000,25266129,37066129,62332258,27332258
4827,Jesus' Son,2500000,1282084,1687548,2969632,469632
2877,Jet Li's Hero,17000000,53652140,177535958,231188098,214188098
3560,Jigsaw,10000000,38052832,102445196,140498028,130498028
2174,Jimmy Neutron: Boy Genius,25000000,80936232,102992536,183928768,158928768
882,Jingle All the Way,60000000,60592389,129832389,190424778,130424778
2810,Jobs,18000000,16131410,43402515,59533925,41533925
5358,Jodaeiye Nader az Simin,800000,7098492,24426169,31524661,30724661
2943,Joe Dirt,16000000,27087695,30987695,58075390,42075390
1572,Joe Somebody,38000000,22770864,24515990,47286854,9286854
3717,Joheunnom nabbeunnom isanghannom,10000000,128486,42226657,42355143,32355143
13,John Carter,275000000,73058679,282778100,355836779,80836779
1606,John Q,36000000,71026631,102226631,173253262,137253262
1905,John Wick,30000000,43037835,76235001,119272836,89272836
1380,John Wick: Chapter 3 â Parabellum,40000000,141744320,256498033,398242353,358242353
1393,John Wick: Chapter Two,40000000,92029184,171350009,263379193,223379193
1296,Johnny English,45000000,28013509,163126676,191140185,146140185
1318,Johnny English Reborn,45000000,8406711,164640401,173047112,128047112
3371,Johnson Family Vacation,12000000,31203964,31286759,62490723,50490723
3191,Jonah: A VeggieTales Movie,14000000,25571351,25608779,51180130,37180130
2435,Josie and the Pussycats,22000000,14252830,14252830,28505660,6505660
609,Journey 2: The Mysterious Island,79000000,103860290,318146162,422006452,343006452
1258,Journey to the Center of the Earth,45000000,101704370,243180937,344885307,299885307
887,Joy,60000000,56451232,101134059,157585291,97585291
2380,Joy Ride,23000000,21973182,21973182,43946364,20946364
2450,Joyeux NoÃ«l,22000000,1054361,23134075,24188436,2188436
2085,Joyful Noise,27500000,30932113,31157914,62090027,34590027
519,Judge Dredd,85000000,34687912,113487912,148175824,63175824
4693,Judgment at Nuremberg,3000000,10000000,10000000,20000000,17000000
1391,Julie & Julia,40000000,94125426,126646119,220771545,180771545
785,Jumanji,65000000,100458310,262758310,363216620,298216620
437,Jumanji: Welcome to the Jungle,90000000,404508916,964496193,1369005109,1279005109
530,Jumper,82500000,80172128,222640812,302812940,220312940
3992,Jumping the Broom,7000000,37295394,38158601,75453995,68453995
5242,Junebug,1000000,2678010,3553253,6231263,5231263
3985,Juno,7000000,143495265,231450102,374945367,367945367
90,Jupiter Ascending,179000000,47482519,181982519,229465038,50465038
824,Jurassic Park,63000000,395708305,1038812584,1434520889,1371520889
429,Jurassic Park III,93000000,181166115,365900000,547066115,454066115
33,Jurassic World,215000000,652270625,1648854864,2301125489,2086125489
112,Jurassic World: Fallen Kingdom,170000000,417719760,1305772799,1723492559,1553492559
557,Just Go With It,80000000,103028109,214974953,318003062,238003062
961,Just Like Heaven,58000000,48318130,100687083,149005213,91005213
2729,Just Married,19000000,56127162,101564935,157692097,138692097
2069,Just My Luck,28000000,17326650,38159905,55486555,27486555
3384,Just Wright,12000000,21540363,21867665,43408028,31408028
8,Justice League,300000000,229024295,655945209,884969504,584969504
3247,Justin Bieber: Never Say Never,13000000,73013910,99034125,172048035,159048035
2983,Juwanna Mann,15600000,13571817,13771817,27343634,11743634
2694,JÃ¬yÃ¬ dÃ shÄ«,20000000,587470,43888531,44476001,24476001
4172,JÃ»san-nin no shikaku,6000000,802778,18727440,19530218,13530218
474,K-19: The Widowmaker,90000000,35168966,65716126,100885092,10885092
1225,K-PAX,48000000,50315140,50315140,100630280,52630280
3519,Kabhi Alvida Naa Kehna,10750000,3275443,32575443,35850886,25100886
4712,Kama Sutra,3000000,4109095,4109095,8218190,5218190
877,Kangaroo Jack,60000000,66723216,90723216,157446432,97446432
2381,Kari gurashi no Arietti,23000000,19192510,151496097,170688607,147688607
1226,Kate and Leopold,48000000,47095453,70937778,118033231,70033231
3378,Katy Perry: Part of Me,12000000,25326071,32700439,58026510,46026510
3069,Keanu,15000000,20591853,20688141,41279994,26279994
4339,Keeping Up with the Steins,5000000,4339241,4414753,8753994,3753994
2019,Keeping the Faith,29000000,37036404,45336404,82372808,53372808
5374,Kevin Hart: Laugh at My Pain,750000,7706436,7712436,15418872,14668872
4813,Kevin Hart: Let Me Explain,2500000,32244051,32327255,64571306,62071306
3596,Kevin Hart: What Now?,10000000,23591043,23591043,47182086,37182086
4211,Khiladi 786,5600000,385422,14683763,15069185,9469185
3153,Khumba,15000000,0,20898221,20898221,5898221
2053,Kick-Ass,28000000,48071303,97531134,145602437,117602437
2064,Kick-Ass 2,28000000,28795985,63129909,91925894,63925894
5066,Kickboxer,1500000,14533681,14533681,29067362,27567362
1283,Kicking and Screaming,45000000,52842724,55842724,108685448,63685448
2468,Kidnap,21000000,30718107,34836080,65554187,44554187
5070,Kids,1500000,7412216,20412216,27824432,26324432
1007,Kill Bill: Volume 1,55000000,70098138,176469428,246567566,191567566
1010,Kill Bill: Volume 2,55000000,66207920,153535982,219743902,164743902
4350,Kill the Messenger,5000000,2450846,6656705,9107551,4107551
737,Killer Elite,70000000,25124986,65409046,90534032,20534032
653,Killers,75000000,47059963,95572749,142632712,67632712
3081,Killing Them Softly,15000000,14945541,39238443,54183984,39183984
2123,Kindergarten Cop,26000000,91457688,202000000,293457688,267457688
471,King Arthur,90000000,51877963,203877963,255755926,165755926
110,King Arthur: Legend of the Sword,175000000,39175066,139630336,178805402,3805402
5396,King Kong,672000,10000000,10000650,20000650,19328650
4005,Kingdom Come,7000000,23247539,23393939,46641478,39641478
338,Kingdom of Heaven,110000000,47398413,218853353,266251766,156251766
5431,Kingdom of the Spiders,500000,17000000,17000000,34000000,33500000
2240,Kingpin,25000000,25023424,32223424,57246848,32246848
353,Kingsman: The Golden Circle,104000000,100234838,408803696,509038534,405038534
428,Kingsman: The Secret Service,94000000,128261724,404561724,532823448,438823448
3496,Kinsey,11000000,10214647,17443529,27658176,16658176
3122,"Kiss Kiss, Bang Bang",15000000,4235837,16829464,21065301,6065301
2215,Kiss of the Dragon,25000000,36833473,36833473,73666946,48666946
2093,Kiss the Girls,27000000,60527873,60527873,121055746,94055746
5072,Kissing Jessica Stein,1500000,7025722,9345061,16370783,14870783
3608,Kit Kittredge: An American Girl,10000000,17657973,17657973,35315946,25315946
3765,Kites,9200000,1685269,17155193,18840462,9640462
301,Knight and Day,117000000,76423035,258751370,335174405,218174405
4961,Knock Knock,2000000,36336,6328516,6364852,4364852
3092,Knockaround Guys,15000000,11660180,12419700,24079880,9079880
2081,Knocked Up,27500000,148761765,219265952,368027717,340527717
1111,Knowing,50000000,79957634,186450317,266407951,216407951
2006,Konferenz der Tiere,30000000,0,53048539,53048539,23048539
77,Kong: Skull Island,185000000,168052812,561072059,729124871,544124871
3027,Krampus,15000000,42725475,61788393,104513868,89513868
5737,Krisha,30000,144822,144822,289644,259644
3688,Krrish,10000000,1430721,32430721,33861442,23861442
4690,Krush Groove,3000000,11052713,11052713,22105426,19105426
1021,Kubo and the Two Strings,55000000,48023088,77548122,125571210,70571210
2608,Kung Fu Hustle,20000000,17104669,102034104,119138773,99138773
241,Kung Fu Panda,130000000,215434591,631910531,847345122,717345122
173,Kung Fu Panda 2,150000000,165249063,664837547,830086610,680086610
210,Kung Fu Panda 3,140000000,143528619,517599142,661127761,521127761
3615,Kung Pow: Enter the Fist,10000000,16033556,17033556,33067112,23067112
3857,Kurtlar vadisi - Irak,8300000,0,24906717,24906717,16606717
5538,Kynodontas,323000,110248,1373407,1483655,1160655
1645,L.A. Confidential,35000000,64604977,126204977,190809954,155809954
5391,L.I.E.,700000,1140965,1140965,2281930,1581930
4197,L\'auberge espagnole,5900000,3895664,3895664,7791328,1891328
4086,La Bamba,6500000,54215416,54215416,108430832,101930832
4806,La Cara Oculta,2600000,0,7033931,7033931,4433931
3319,La Guerre du feu,12500000,20959585,20959585,41919170,29419170
2491,La La Land,20000000,151101803,426351163,577452966,557452966
2984,La MÃ´me,15500000,10299782,88611837,98911619,83411619
4238,La Vie d'AdÃ¨le â Chapitres 1 & 2,5250000,2450504,22914479,25364983,20114983
5122,La chambre bleue,1400000,260441,1945420,2205861,805861
3512,La famille BÃ©lier,11000000,0,82438670,82438670,71438670
3422,La grande bellezza,12000000,2883879,29549145,32433024,20433024
4335,La mala educaciÃ³n,5000000,5211842,40311842,45523684,40523684
4634,La marche de l'empereur,3400000,77437223,133276359,210713582,207313582
5039,La misma luna,1700000,12590147,23271741,35861888,34161888
4156,La science des rÃªves,6000000,4670644,15137932,19808576,13808576
2516,La vita Ã¨ bella,20000000,57598247,229385361,286983608,266983608
2818,Labor Day,18000000,13371528,14189810,27561338,9561338
874,Ladder 49,60000000,74541707,102332848,176874555,116874555
3552,Lady Bird,10000000,48958273,78610769,127569042,117569042
656,Lady in the Water,75000000,42285169,72785169,115070338,40070338
2599,Ladyhawke,20000000,18400000,18400000,36800000,16800000
4793,Lage Raho Munna Bhai,2700000,2217561,31517561,33735122,31035122
2100,Lake Placid,27000000,31770413,31770413,63540826,36540826
2540,Lakeview Terrace,20000000,39263506,44821299,84084805,64084805
391,Land of the Lost,100000000,49438370,69548641,118987011,18987011
427,Lara Croft: Tomb Raider,94000000,131144183,273330185,404474368,310474368
464,Lara Croft: Tomb Raider: The Cradle of Life,90000000,65653758,157092943,222746701,132746701
1924,Larry Crowne,30000000,35608245,61449135,97057380,67057380
2894,Larry the Cable Guy: Health Inspector,17000000,15680099,15680099,31360198,14360198
3328,Lars and the Real Girl,12500000,5956480,11277119,17233599,4733599
511,Last Action Hero,85000000,50016394,137298489,187314883,102314883
1291,Last Holiday,45000000,38399961,43343247,81743208,36743208
2045,Last Vegas,28000000,63914167,112914167,176828334,148828334
5348,Latter Days,850000,833118,865708,1698826,848826
1057,Law Abiding Citizen,53000000,73357727,131159781,204517508,151517508
2137,Lawless,26000000,37397291,54393687,91790978,65790978
3033,Lawrence of Arabia,15000000,37495385,69995385,107490770,92490770
1808,Laws of Attraction,32000000,17848322,29948322,47796644,15796644
4097,Layer Cake,6500000,2339957,11745931,14085888,7585888
3530,Le Fabuleux destin d'AmÃ©lie Poulain,10350000,33201661,174201661,207403322,197053322
4228,Le Havre,5500000,611709,13480196,14091905,8591905
2001,Le Petit Nicolas,30000000,201857,52339566,52541423,22541423
3211,Le Scaphandre et le Papillon,14000000,5990075,22754472,28744547,14744547
3635,Le Violon rouge,10000000,10019109,10019109,20038218,10038218
4420,Le nom des gens,4600000,514237,9261711,9775948,5175948
3911,Le passÃ©,8000000,1335672,15752575,17088247,9088247
3511,Le prÃ©nom,11000000,61611,25307405,25369016,14369016
2739,Leap Year,19000000,25918920,32618920,58537840,39537840
964,Leatherheads,58000000,31373938,41348628,72722566,14722566
4482,Leaving Las Vegas,4000000,31983777,49800000,81783777,77783777
1844,Lee Daniels' The Butler,30000000,116632095,177025498,293657593,263657593
1439,Legal Eagles,40000000,49851591,49851591,99703182,59703182
2767,Legally Blonde,18000000,96493426,141809235,238302661,220302661
2169,"Legally Blonde 2: Red, White & Blonde",25000000,90639088,125339088,215978176,190978176
2309,Legend,25000000,1872994,42425450,44298444,19298444
389,Legend of the Guardians: The Owls of Ga'Hoole,100000000,55675313,139716717,195392030,95392030
1867,Legends of the Fall,30000000,66502573,160502573,227005146,197005146
2136,Legion,26000000,40168080,67647574,107815654,81815654
374,Lemony Snicket's A Series of Unfortunate Events,100000000,118627117,212956024,331583141,231583141
1367,Les BronzÃ©s 3: amis pour la vie,42000000,0,83833602,83833602,41833602
4224,Les Choristes,5500000,3629758,83529758,87159516,81659516
2703,Les Couloirs du temps: Les visiteurs 2,20000000,146072,26146072,26292144,6292144
3517,Les Intouchables,10800000,13182281,484873045,498055326,487255326
777,Les Miserables,65000000,148809770,442169052,590978822,525978822
4905,Les Triplettes de Belleville,2000000,7301288,17403168,24704456,22704456
4049,Les Visiteurs,7000000,659000,98754000,99413000,92413000
4324,Les invasions barbares,5000000,8460000,25913869,34373869,29373869
2317,Les petits mouchoirs,25000000,205505,48530887,48736392,23736392
4974,Lesbian Vampire Killers,2000000,0,3620902,3620902,1620902
2637,Let Me In,20000000,12134935,28270399,40405334,20405334
4702,Let There Be Light,3000000,7233471,7241309,14474780,11474780
4510,Let's Go to Prison,4000000,4630045,4630045,9260090,5260090
5545,Let's Talk About Sex,300000,373615,373615,747230,447230
3011,Lethal Weapon,15000000,65192350,120192350,185384700,170384700
1629,Lethal Weapon 3,35000000,144731527,319700000,464431527,429431527
211,Lethal Weapon 4,140000000,130444603,285400000,415844603,275844603
3281,Letters from Iwo Jima,13000000,13756082,67867998,81624080,68624080
4724,Letters to God,3000000,2848587,3237452,6086039,3086039
1888,Letters to Juliet,30000000,53032453,82148538,135180991,105180991
2868,Letâs Be Cops,17000000,82390774,136890774,219281548,202281548
1251,Liar Liar,45000000,181410615,302710615,484121230,439121230
1356,Licence to Kill,42000000,34667015,156167015,190834030,148834030
1666,License to Wed,35000000,43799818,70187088,113986906,78986906
650,Life,75000000,64062587,73521587,137584174,62584174
1563,Life as We Know It,38000000,53374681,105887837,159262518,121262518
2811,Life as a House,18000000,15652637,23889158,39541795,21541795
4487,Life of Brian,4000000,20182359,20468305,40650664,36650664
287,Life of Pi,120000000,124987022,620912003,745899025,625899025
1887,Life of the Party,30000000,53059911,65759911,118819822,88819822
4254,Lights Out,5000000,67268835,148806510,216075345,211075345
5573,Like Crazy,250000,3395391,3728400,7123791,6873791
1894,Like Mike,30000000,51432423,62432423,113864846,83864846
4447,Lilja 4-ever,4500000,181655,4556982,4738637,238637
545,Lilo & Stitch,80000000,145771527,245800000,391571527,311571527
2090,Limitless,27000000,79249455,155564919,234814374,207814374
772,Lincoln,65000000,182207973,273346281,455554254,390554254
3359,Lion,12000000,51739495,149570720,201310215,189310215
1721,Lions for Lambs,35000000,14998070,63211088,78209158,43209158
1950,Little Black Book,30000000,20422207,21758371,42180578,12180578
2664,Little Boy,20000000,6485961,17769299,24255260,4255260
3212,Little Children,14000000,5463019,14121177,19584196,5584196
369,Little Fockers,100000000,148438600,310650574,459089174,359089174
821,Little Man,64000000,58636047,101636047,160272094,96272094
3865,Little Miss Sunshine,8000000,59891098,100642353,160533451,152533451
586,Little Nicky,80000000,39442871,58270391,97713262,17713262
1916,Little Shop of Horrors,30000000,38747385,38747385,77494770,47494770
4157,Little Voice,6000000,4595000,21787233,26382233,20382233
3018,Little Women,15000000,50003303,50003303,100006606,85006606
320,Live Free or Die Hard,110000000,134529403,382288147,516817550,406817550
3993,Live and Let Die,7000000,35400000,161800000,197200000,190200000
3398,Living Out Loud,12000000,12905901,12905901,25811802,13811802
3264,Loaded Weapon 1,13000000,27979399,27979399,55958798,42958798
5129,"Lock, Stock and Two Smoking Barrels",1350000,3897569,28356188,32253757,30903757
4936,Locke,2000000,1370646,2088390,3459036,1459036
2621,Lockout,20000000,14326865,33943049,48269914,28269914
258,Logan,127000000,226277068,615461394,841738462,714738462
2020,Logan Lucky,29000000,27778642,44264271,72042913,43042913
4002,Logan's Run,7000000,25000000,25000000,50000000,43000000
5034,Lola rennt,1750000,7267324,22879194,30146518,28396518
4900,Lolita,2000000,9250000,9250000,18500000,16500000
879,London Has Fallen,60000000,62524260,195194085,257718345,197718345
4308,Lone Star,5000000,12961389,12961389,25922778,20922778
1383,Lone Survivor,40000000,125095601,149804632,274900233,234900233
4312,Lone Wolf McQuade,5000000,12232628,12232628,24465256,19465256
5450,Lonesome Jim,500000,154187,602789,756976,256976
1474,Long Shot,40000000,30202860,43711031,73913891,33913891
1868,Looper,30000000,66486205,170466405,236952610,206952610
1360,Lord of War,42000000,24149632,60437727,84587359,42587359
3119,Los tres entierros de Melquiades Estrada,15000000,5027684,13454474,18482158,3482158
2618,Loser,20000000,15464026,18250106,33714132,13714132
577,Lost In Space,80000000,69117629,136047317,205164946,125164946
4959,Lost River,2000000,45431,2009644,2055075,55075
2070,Lost Souls,28000000,16779636,31320293,48099929,20099929
4478,Lost in Translation,4000000,44585453,117085297,161670750,157670750
2889,Lottery Ticket,17000000,24719879,24719879,49439758,32439758
1277,Love Actually,45000000,59472278,248505300,307977578,262977578
2801,Love Happens,18000000,22965110,36133014,59098124,41098124
3626,Love Jones,10000000,12554569,12554569,25109138,15109138
5425,Love Letters,550000,5269990,5269990,10539980,9989980
5227,Love Me Tender,1000000,9000000,9000000,18000000,17000000
4516,Love Stinks,4000000,2793776,2793776,5587552,1587552
3055,Love and Basketball,15000000,27441122,27709625,55150747,40150747
4677,Love and Death,3000000,20123742,20123742,40247484,37247484
4474,Love and Death on Long Island,4030000,2542264,2542264,5084528,1054528
5578,Love and Other Catastrophes,250000,212285,743216,955501,705501
1928,Love and Other Drugs,30000000,32367005,102716321,135083326,105083326
2797,Love the Coopers,18000000,26302731,42227490,68530221,50530221
3556,"Love, Simon",10000000,40826341,65520633,106346974,96346974
5570,Lovely and Amazing,250000,4210379,4613482,8823861,8573861
3532,Lovesick,10100000,10143618,10143618,20287236,10187236
3791,Loving,9000000,7710234,12898064,20608298,11608298
5334,Lowriders,916000,6179955,6188421,12368376,11452376
2101,Lucky Number Slevin,27000000,22495466,55495466,77990932,50990932
1382,Lucy,40000000,126573960,457507776,584081736,544081736
1742,Luther,35000000,5781086,32717063,38498149,3498149
4435,LÃ¥t den rÃ¤tte komma in,4500000,2122085,12247682,14369767,9869767
2949,LÃ©on,16000000,19284974,45284974,64569948,48569948
4588,M*A*S*H,3500000,81600000,81600000,163200000,159700000
4265,MA,5000000,36049540,44300625,80350165,75350165
3641,MacGruber,10000000,8525600,8629895,17155495,7155495
3317,Machete,12500000,26593646,46370970,72964616,60464616
2657,Machete Kills,20000000,8008161,18273009,26281170,6281170
5432,Mad Hot Ballroom,500000,8117961,9387581,17505542,17005542
5613,Mad Max,200000,8750000,99750000,108500000,108300000
4888,Mad Max 2: The Road Warrior,2000000,24600832,24600832,49201664,47201664
3565,Mad Max Beyond Thunderdome,10000000,36230219,36230219,72460438,62460438
174,Mad Max: Fury Road,150000000,153636354,370098020,523734374,373734374
2427,Mad Money,22000000,20668843,25044057,45712900,23712900
632,Madagascar,75000000,193595521,556559566,750155087,675155087
196,Madagascar 3: Europe's Most Wanted,145000000,216391482,746921271,963312753,818312753
170,Madagascar: Escape 2 Africa,150000000,180174880,599680774,779855654,629855654
4334,Made,5000000,5308707,5476060,10784767,5784767
3913,Made in Dagenham,8000000,1095369,15644196,16739565,8739565
1443,Made of Honor,40000000,46012734,106548738,152561472,112561472
2857,Madea Goes To Jail,17500000,90508336,90508336,181016672,163516672
2191,Madea's Big Happy Family,25000000,53345287,54160818,107506105,82506105
3547,Madea's Family Reunion,10000000,63257940,63320521,126578461,116578461
3987,Magic Mike,7000000,113721571,170549753,284271324,277271324
3165,Magic Mike XXL,14500000,66013057,123660597,189673654,175173654
1601,Magnolia,37000000,22450975,48446802,70897777,33897777
999,Maid in Manhattan,55000000,93932896,163838217,257771113,202771113
3473,Major League,11000000,49793054,49793054,99586108,88586108
1660,Malcolm X,35000000,48169910,48169910,96339820,61339820
83,Maleficent,180000000,241407328,758536735,999944063,819944063
5627,Malevolence,200000,126021,346106,472127,272127
3039,Malibu's Most Wanted,15000000,34308901,34499204,68808105,53808105
3008,Mama,15000000,71628180,148095566,219723746,204723746
4220,Mambo Italiano,5500000,9282750,12399772,21682522,16182522
1067,Mamma Mia!,52000000,144130063,615748772,759878835,707878835
1321,Man cheng jin dai huang jin jia,45000000,6566773,76904429,83471202,38471202
28,Man of Steel,225000000,291045518,667999518,959045036,734045036
2546,Man of the Year,20000000,37442180,41342180,78784360,58784360
868,Man on Fire,60000000,77906816,130968579,208875395,148875395
5004,Man on Wire,1900000,2962242,5617067,8579309,6679309
1363,Man on a Ledge,42000000,18620000,49621440,68241440,26241440
1073,Man on the Moon,52000000,34580635,47407635,81988270,29988270
3829,Manchester by the Sea,8500000,47695371,77733867,125429238,116929238
1734,Mandela: Long Walk to Freedom,35000000,8323085,29890402,38213487,3213487
5527,Maniac,350000,10000000,10000000,20000000,19650000
2830,Mao's Last Dancer,18000000,4806750,25941437,30748187,12748187
3242,Mar adentro,13300000,2086345,39686345,41772690,28472690
4636,Margin Call,3400000,5353586,20433227,25786813,22386813
4655,Maria Full of Grace,3200000,6529624,14441158,20970782,17770782
1501,Marie Antoinette,40000000,15962471,60862471,76824942,36824942
846,Marley & Me,60000000,143153751,247812011,390965762,330965762
1158,Marmaduke,50000000,33644788,89895930,123540718,73540718
590,Mars Attacks!,80000000,37771017,101371017,139142034,59142034
3406,Marshall,12000000,10051659,10116816,20168475,8168475
5241,Martha Marcy May Marlene,1000000,2981038,5438911,8419949,7419949
4679,Martin Lawrence Live: RunTelDat,3000000,19184820,19184820,38369640,35369640
2388,Marvin's Room,23000000,12803305,12803305,25606610,2606610
4116,Mary Poppins,6000000,102272145,102272145,204544290,198544290
244,Mary Poppins Returns,130000000,171958438,341528518,513486956,383486956
2259,Mary Queen of Scots,25000000,16468499,46734733,63203232,38203232
229,Master and Commander: The Far Side of the World,135000000,93926386,212912137,306838523,171838523
5423,Mata Hari,558000,900000,900000,1800000,1242000
3062,Match Point,15000000,23089926,87973835,111063761,96063761
4803,Maurice,2600000,3147950,3198308,6346258,3746258
2535,Max,20000000,42656255,43658157,86314412,66314412
3392,Max Keeble's Big Move,12000000,17292381,17292381,34584762,22584762
1668,Max Payne,35000000,40689393,87775050,128464443,93464443
2270,Maximum Risk,25000000,14102929,51702929,65805858,40805858
839,Maze Runner: The Death Cure,61000000,58032443,265878536,323910979,262910979
837,Maze Runner: The Scorch Trials,61000000,81697192,310566162,392263354,331263354
2879,"McFarland, USA",17000000,44480275,45707924,90188199,73188199
2519,Me Before You,20000000,56245075,208265198,264510273,244510273
3899,Me and Earl and the Dying Girl,8000000,6758416,9266180,16024596,8024596
4918,Me and You and Everyone We Know,2000000,3885134,9615464,13500598,11500598
1076,"Me, Myself & Irene",51000000,90570999,149270999,239841998,188841998
5443,Mean Creek,500000,603951,1348750,1952701,1452701
2768,Mean Girls,18000000,86047227,130953026,217000253,199000253
1493,Mechanic: Resurrection,40000000,21218403,109738840,130957243,90957243
1445,Medicine Man,40000000,44948240,44948240,89896480,49896480
4939,Meek's Cutoff,2000000,977772,1869928,2847700,847700
944,Meet Dave,60000000,11803254,50648806,62452060,2452060
515,Meet Joe Black,85000000,44650003,44650003,89300006,4300006
5338,Meet the Blacks,900000,9097072,9097072,18194144,17294144
2536,Meet the Browns,20000000,41975388,41975388,83950776,63950776
842,Meet the Fockers,60000000,279167575,516567575,795735150,735735150
4908,Meet the Mormons,2000000,6047363,6049171,12096534,10096534
985,Meet the Parents,55000000,166225040,330425040,496650080,441650080
1919,Meet the Spartans,30000000,38233676,84646831,122880507,92880507
246,Megamind,130000000,148415853,321887208,470303061,340303061
841,Mei Ren Yu,60720000,3229457,554516671,557746128,497026128
3761,Melancholia,9400000,3030848,21817298,24848146,15448146
4276,Memento,5000000,25544867,39723096,65267963,60267963
509,Memoirs of a Geisha,85000000,57010853,161510853,218521706,133521706
438,Men in Black,90000000,250690539,587790539,838481078,748481078
208,Men in Black 2,140000000,190418803,441767803,632186606,492186606
34,Men in Black 3,215000000,179020854,654213485,833234339,618234339
1797,Men of Honor,32000000,48814909,82339483,131154392,99154392
3963,Men with Brooms,7500000,4239767,4239767,8479534,979534
4591,Menace II Society,3500000,27731527,27731527,55463054,51963054
920,Mercury Rising,60000000,32983332,32983332,65966664,5966664
1890,Message in a Bottle,30000000,52880016,52880016,105760032,75760032
2451,Metegol,22000000,0,34061097,34061097,12061097
2962,Meteor,16000000,8400000,8400000,16800000,800000
5503,Metropolitan,430000,2938000,2938000,5876000,5446000
233,Miami Vice,135000000,63478838,163818556,227297394,92297394
2454,Michael Clayton,21500000,49033882,92987651,142021533,120521533
2283,Michael Collins,25000000,11092559,27572844,38665403,13665403
876,Michael Jackson's This Is It,60000000,72091016,252091016,324182032,264182032
4009,Michael Jordan to the MAX,7000000,18642318,18642318,37284636,30284636
1464,Mickey Blue Eyes,40000000,33864342,53864342,87728684,47728684
3838,Middle School: The Worst Years of My Life,8500000,20007149,23311293,43318442,34818442
5622,Middle of Nowhere,200000,236806,236806,473612,273612
4584,Midnight Cowboy,3600000,44785053,44785053,89570106,85970106
1918,Midnight Run,30000000,38413606,81613606,120027212,90027212
1882,Midnight in Paris,30000000,56816662,162502774,219319436,189319436
1701,Midnight in the Garden of Good and Evil,35000000,25078937,25078937,50157874,15157874
4381,Mientras duermes,5000000,0,9109597,9109597,4109597
584,Mighty Joe Young,80000000,50632037,50632037,101264074,21264074
1772,Mike and Dave Need Wedding Dates,33000000,46009673,75898100,121907773,88907773
1677,Mile 22,35000000,36108758,66295121,102403879,67403879
2562,Milk,20000000,31841299,57293371,89134670,69134670
2216,Million Dollar Arm,25000000,36447959,39217912,75665871,50665871
1853,Million Dollar Baby,30000000,100492203,231928227,332420430,302420430
3767,Mine Vaganti,9100000,0,18872126,18872126,9772126
672,Minions,74000000,336045770,1160336173,1496381943,1422381943
360,Minority Report,102000000,132024714,358824714,490849428,388849428
2044,Miracle,28000000,64378093,64474705,128852798,100852798
3249,Miracles from Heaven,13000000,61705123,73798736,135503859,122503859
506,Mirror Mirror,85000000,64935167,173613482,238548649,153548649
1689,Mirrors,35000000,30691439,77220596,107912035,72912035
3080,Miss Bala,15000000,14998027,15362298,30360325,15360325
1256,Miss Congeniality,45000000,106807667,213420951,320228618,275228618
898,Miss Congeniality 2: Armed and Fabulous,60000000,48478006,101382396,149860402,89860402
4158,Miss March,6000000,4543320,4713059,9256379,3256379
329,Miss Peregrineâs Home for Peculiar Children,110000000,87242834,295986876,383229710,273229710
1995,Miss Potter,30000000,3005605,35891257,38896862,8896862
468,Mission to Mars,90000000,60874615,106000000,166874615,76874615
539,Mission: Impossible,80000000,180981886,457697994,638679880,558679880
283,Mission: Impossible 2,120000000,215409889,549588516,764998405,644998405
179,Mission: Impossible III,150000000,133501348,397501348,531002696,381002696
91,Mission: ImpossibleâFallout,178000000,220159104,787456552,1007615656,829615656
197,Mission: ImpossibleâGhost Protocol,145000000,209397903,694713230,904111133,759111133
167,Mission: ImpossibleâRogue Nation,150000000,195042377,688858992,883901369,733901369
5058,Mississippi Mermaid,1600000,27795,2627795,2655590,1055590
3614,Mo' Better Blues,10000000,16153000,16153000,32306000,22306000
161,Moana,150000000,248757044,637517365,886274409,736274409
5504,Moartea domnului Lazarescu,425000,80301,581304,661605,236605
4430,Moby Dick,4500000,10400000,10400000,20800000,16300000
3879,Modern Problems,8000000,24474312,24474312,48948624,40948624
1935,Mollyâs Game,30000000,28780744,53296424,82077168,52077168
4290,Mommie Dearest,5000000,19032000,25032000,44064000,39064000
4400,Mommy,4900000,3498695,17536004,21034699,16134699
4319,Momsâ Night Out,5000000,10429707,10537341,20967048,15967048
794,Mona Lisa Smile,65000000,63803100,141205169,205008269,140008269
2097,Money Monster,27000000,41012075,93466095,134478170,107478170
2208,Money Talks,25000000,41076865,41076865,82153730,57153730
757,Money Train,68000000,35324232,77224232,112548464,44548464
1114,Moneyball,50000000,75605492,111300835,186906327,136906327
2827,Mongol,18000000,5705761,27147349,32853110,14853110
2682,Mononoke-hime,20000000,2374107,150350000,152724107,132724107
5159,Monsoon Wedding,1200000,13876974,27025600,40902574,39702574
4268,Monster,5000000,34469210,64240813,98710023,93710023
647,Monster House,75000000,73661010,141267370,214928380,139928380
4483,Monster's Ball,4000000,31273922,43766463,75040385,71040385
1265,Monster-in-Law,45000000,82931301,155931301,238862602,193862602
5449,Monsters,500000,237301,5639730,5877031,5377031
52,Monsters University,200000000,268488329,743588329,1012076658,812076658
103,Monsters vs. Aliens,175000000,198351526,381687380,580038906,405038906
306,"Monsters, Inc.",115000000,289423425,559757719,849181144,734181144
2583,Monte Carlo,20000000,23186769,39686769,62873538,42873538
5508,Monty Python and the Holy Grail,400000,3427696,5028948,8456644,8056644
4336,Moon,5000000,5010163,10676073,15686236,10686236
5063,Moonlight,1500000,27854931,65245512,93100443,91600443
1825,Moonraker,31000000,70300000,210300000,280600000,249600000
2932,Moonrise Kingdom,16000000,45512466,68848446,114360912,98360912
3904,Morgan,8000000,3915251,7298786,11214037,3214037
1472,Morning Glory,40000000,31011732,59795070,90806802,50806802
403,Mortal Engines,100000000,15951040,85287417,101238457,1238457
2509,Mortal Kombat,20000000,70433227,122133227,192566454,172566454
1923,Mortal Kombat: Annihilation,30000000,35927406,51327406,87254812,57254812
4047,Mother and Child,7000000,1110509,6537179,7647688,647688
2226,Motherâs Day,25000000,32492859,52367022,84859881,59859881
1060,Moulin Rouge,53000000,57386369,179200588,236586957,183586957
1560,Mouse Hunt,38000000,61894591,61894591,123789182,85789182
3638,Movie 43,10000000,8840453,31164747,40005200,30005200
1947,Mr. 3000,30000000,21800302,21827296,43627598,13627598
2225,Mr. Beanâs Holiday,25000000,33302167,234981342,268283509,243283509
1093,Mr. Deeds,50000000,126293452,171269535,297562987,247562987
1823,Mr. Hollandâs Opus,31000000,82582604,106282604,188865208,157865208
4140,Mr. Nice Guy,6000000,12716953,31716953,44433906,38433906
200,Mr. Peabody & Sherman,145000000,111506430,269806430,381312860,236312860
1008,Mr. Poppers's Penguins,55000000,68224452,189624452,257848904,202848904
5068,Mr. Smith Goes To Washington,1500000,9000000,9000000,18000000,16500000
3217,Mr. Turner,14000000,3958546,25187026,29145572,15145572
317,Mr. and Mrs. Smith,110000000,186336279,486124090,672460369,562460369
2160,Mrs. Doubtfire,25000000,219195051,441286003,660481054,635481054
2640,Mrs. Henderson Presents,20000000,11036366,27836366,38872732,18872732
3881,Much Ado About Nothing,8000000,22549338,22549338,45098676,37098676
3597,Mud,10000000,21590086,31556959,53147045,43147045
448,Mulan,90000000,120620254,303500000,424120254,334120254
3113,Mulholland Drive,15000000,7219578,20785973,28005551,13005551
652,Munich,75000000,47379090,131492772,178871862,103871862
2355,Muppets From Space,24000000,16304786,16304786,32609572,8609572
1019,Muppets Most Wanted,55000000,51178893,79312301,130491194,75491194
1161,Murder by Numbers,50000000,31874869,56643267,88518136,38518136
994,Murder on the Orient Express,55000000,102826543,345922730,448749273,393749273
5529,Murderball,350000,1531154,1772979,3304133,2954133
1438,Music and Lyrics,40000000,50572589,146196885,196769474,156769474
1665,Must Love Dogs,35000000,43894863,58405313,102300176,67300176
5120,Mustang,1400000,845464,5552584,6398048,4998048
2743,Mutiny on The Bounty,19000000,13680000,13680000,27360000,8360000
5738,Mutual Appreciation,30000,103509,103509,207018,177018
3391,My Baby's Daddy,12000000,17321573,17322212,34643785,22643785
2596,My Best Friend's Girl,20000000,19219250,34787111,54006361,34006361
1243,My Best Friend's Wedding,46000000,126813153,298923419,425736572,379736572
4247,My Big Fat Greek Wedding,5000000,241438208,374890034,616328242,611328242
2776,My Big Fat Greek Wedding 2,18000000,59689605,92096558,151786163,133786163
3179,My Bloody Valentine,14000000,51545952,102836002,154381954,140381954
3696,My Blueberry Nights,10000000,866778,22198996,23065774,13065774
3197,My Boss's Daughter,14000000,15549702,15549702,31099404,17099404
3471,My Cousin Vinny,11000000,52929168,52929168,105858336,94858336
5781,My Date With Drew,1100,181041,181041,362082,360982
3994,My Dog Skip,7000000,34099640,35795319,69894959,62894959
5530,My Dog Tulip,350000,246574,310891,557465,207465
2870,My Fair Lady,17000000,72000000,72071636,144071636,127071636
915,My Favorite Martian,60000000,36850101,36850101,73700202,13700202
2456,My Fellow Americans,21500000,22331846,22331846,44663692,23163692
2918,My Girl,16500000,58011485,58011485,116022970,99522970
4831,My Life Without Me,2500000,432360,12267275,12699635,10199635
2899,My Life in Ruins,17000000,8677425,20477425,29154850,12154850
3851,My Name is Khan,8470000,4046336,42355526,46401862,37931862
4822,My Own Private Idaho,2500000,6401336,6401336,12802672,10302672
2083,My Sister's Keeper,27500000,49200230,96673002,145873232,118373232
2267,My Soul to Take,25000000,14744435,16727470,31471905,6471905
2958,My Stepmother Is an Alien,16000000,13854000,13854000,27708000,11708000
5045,My Summer of Love,1700000,1000915,4727375,5728290,4028290
1945,My Super Ex-Girlfriend,30000000,22530295,60772856,83303151,53303151
3621,My Week with Marilyn,10000000,14597405,34240572,48837977,38837977
4139,Mystic Pizza,6000000,12793213,12793213,25586426,19586426
1855,Mystic River,30000000,90135191,156822020,246957211,216957211
3282,MÃ¤n som hatar kvinnor,13000000,12749992,109421911,122171903,109171903
5053,N-Secure,1600000,2595644,2595644,5191288,3591288
1792,Nacho Libre,32000000,80197993,99296462,179494455,147494455
1895,Naked Gun 33 1/3: The Final Insult,30000000,51041856,51041856,102083712,72083712
2578,Nancy Drew,20000000,25584685,30703845,56288530,36288530
3444,Nanjing! Nanjing!,12000000,122558,20122558,20245116,8245116
2199,Nanny McPhee,25000000,47279279,128745578,176024857,151024857
1692,Nanny McPhee and the Big Bang,35000000,29197642,97799865,126997507,91997507
5507,Napoleon Dynamite,400000,44540956,46122713,90663669,90263669
3960,Narc,7500000,10465659,11843260,22308919,14808919
4663,National Lampoon's Animal House,3000000,141600000,141600000,283200000,280200000
3013,National Lampoonâs Vacation,15000000,61400000,61400000,122800000,107800000
4129,National Lampoonâs Van Wilder,6000000,21305259,39241323,60546582,54546582
367,National Treasure,100000000,173005002,331323410,504328412,404328412
2761,Ne le dis Ã personne,18500000,6198883,33954018,40152901,21652901
3390,Nebraska,12000000,17654912,24761360,42416272,30416272
769,Need for Speed,66000000,43568507,194169619,237738126,171738126
2763,Neighbors,18000000,150086800,270944428,421031228,403031228
1655,Neighbors 2: Sorority Rising,35000000,55340730,108757621,164098351,129098351
4929,Nemesis,2000000,2001124,2001124,4002248,2002248
2542,Nerve,20000000,38583626,70652284,109235910,89235910
4570,Network,3800000,23689877,23689877,47379754,43579754
5446,Never Again,500000,307631,308793,616424,116424
2470,Never Back Down,21000000,24850922,39319801,64170723,43170723
1608,Never Say Never Again,36000000,55500000,160000000,215500000,179500000
2130,New Yearâs Eve,26000000,54544638,146850273,201394911,175394911
3095,New York Stories,15000000,10763469,10763469,21526938,6526938
3202,"New York, New York",14000000,13800000,13800000,27600000,13600000
3889,New in Town,8000000,16734283,29937909,46672192,38672192
5772,Newlyweds,9000,4584,4584,9168,168
742,Next,70000000,18211013,73591500,91802513,21802513
4692,Next Day Air,3000000,10027047,10172519,20199566,17199566
3752,Next Friday,9500000,57176582,59675307,116851889,107351889
5239,Next Stop Wonderland,1000000,3395581,3465703,6861284,5861284
5152,Niagara,1250000,2500000,2500000,5000000,3750000
3576,Nick and Norah's Infinite Playlist,10000000,31487293,33886017,65373310,55373310
2015,Night School,29000000,77339130,103008792,180347922,151347922
316,Night at the Museum,110000000,250863268,579446407,830309675,720309675
172,Night at the Museum: Battle of the Smithsonian,150000000,177243721,402231063,579474784,429474784
259,Night at the Museum: Secret of the Tomb,127000000,113746621,353756621,467503242,340503242
4468,Night of the Living Dead,4200000,5835247,5835247,11670494,7470494
4928,Night on Earth,2000000,2015000,2022893,4037893,2037893
3833,Nightcrawler,8500000,32381218,50334418,82715636,74215636
4300,Nighthawks,5000000,14600000,19600000,34200000,29200000
4032,Nikita,7000000,5017971,5017971,10035942,3035942
1596,Nim's Island,37000000,48006762,101857425,149864187,112864187
1153,Ninja Assassin,50000000,38122883,62209892,100332775,50332775
1313,Nixon,45000000,13668249,34668249,48336498,3336498
2180,No Country for Old Men,25000000,74273505,164035753,238309258,213309258
4935,No End In Sight,2000000,1433319,1433319,2866638,866638
4273,No Escape,5000000,27288872,42844516,70133388,65133388
3243,No Good Deed,13200000,52543632,54323210,106866842,93666842
5251,No Man's Land,1000000,1067481,2684207,3751688,2751688
2056,No Reservations,28000000,43107979,91943956,135051935,107051935
2183,No Strings Attached,25000000,70662220,149228078,219890298,194890298
4261,No se Aceptan Devoluciones,5000000,44467206,100486616,144953822,139953822
250,Noah,130000000,101200044,352831065,454031109,324031109
2737,Nobodyâs Fool,19000000,31713110,32589493,64302603,45302603
4469,Nochnoy dozor,4200000,1502188,33913542,35415730,31215730
2402,Nocturnal Animals,22500000,10663357,32398681,43062038,20562038
1101,Non-Stop,50000000,91742160,222383055,314125215,264125215
2808,Norm of the North,18000000,17062499,30535660,47598159,29598159
1956,North Country,30000000,18324242,23676771,42001013,12001013
5006,Northfork,1900000,1420578,1445140,2865718,965718
3031,Not Another Teen Movie,15000000,37882551,62401343,100283894,85283894
4318,Not Easily Broken,5000000,10572742,10732909,21305651,16305651
2087,Notes on a Scandal,27500000,17510118,50578411,68088529,40588529
2203,Nothing To Lose,25000000,44480039,64594061,109074100,84074100
4889,Notorious,2000000,24464742,24464742,48929484,46929484
1344,Notting Hill,42000000,116089678,363728085,479817763,437817763
5580,November,250000,191862,191862,383724,133724
640,Now You See Me,75000000,117723989,342769200,460493189,385493189
465,Now You See Me 2,90000000,65075540,328325007,393400547,303400547
5468,Now is Good,500000,0,2141436,2141436,1641436
5005,Nowhere Boy,1900000,1445366,7785229,9230595,7330595
4095,Nowhere in Africa,6500000,6173485,6173485,12346970,5846970
3064,Nowhere to Run,15000000,22189039,52189039,74378078,59378078
5082,Nueve Reinas,1500000,1222889,12412889,13635778,12135778
2350,Nurse Betty,24000000,25170054,27732366,52902420,28902420
526,Nutty Professor II: The Klumps,84000000,123307945,166307945,289615890,205615890
4296,O (Othello),5000000,16017403,16017403,32034806,27034806
2134,"O Brother, Where Art Thou?",26000000,45506619,75763814,121270433,95270433
292,Oblivion,120000000,89107235,287916633,377023868,257023868
2799,Observe and Report,18000000,24007324,27148898,51156222,33156222
2511,Obsessed,20000000,68261644,73964713,142226357,122226357
4401,Obsluhoval jsem anglickÃ©ho krÃ¡le,4900000,617228,7174984,7792212,2892212
5240,Obvious Child,1000000,3122616,3324070,6446686,5446686
489,Ocean's Eleven,85000000,183417150,450728529,634145679,549145679
500,Ocean's Thirteen,85000000,117144465,311744465,428888930,343888930
322,Ocean's Twelve,110000000,125531634,362989076,488520710,378520710
601,Oceans,80000000,19422319,86787530,106209849,26209849
698,Oceanâs 8,70000000,140218711,297115976,437334687,367334687
5234,October Baby,1000000,5355847,5391992,10747839,9747839
2082,Octopussy,27500000,67900000,187500000,255400000,227900000
4271,Oculus,5000000,27695246,44115496,71810742,66810742
4062,Oddball,7000000,0,10237229,10237229,3237229
1280,Office Christmas Party,45000000,54767494,91323299,146090793,101090793
3631,Office Space,10000000,10827813,12179708,23007521,13007521
1659,Old Dogs,35000000,49492060,95104304,144596364,109596364
5546,Old Joy,300000,255923,399908,655831,355831
2333,Old School,24000000,75155000,86765463,161920463,137920463
4731,Oldboy,3000000,707391,6239723,6947114,3947114
3563,Oliver!,10000000,37402877,37402877,74805754,64805754
708,Olympus Has Fallen,70000000,98927592,172878928,271806520,201806520
1152,On Deadly Ground,50000000,38590458,38590458,77180916,27180916
3880,On Her Majesty's Secret Service,8000000,22800000,82000000,104800000,96800000
2580,On the Basis of Sex,20000000,24622687,38073377,62696064,42696064
5585,On the Outs,250000,49772,237816,287588,37588
5336,On the Waterfront,910000,9600000,9600000,19200000,18290000
5656,Once,150000,9445857,23323631,32769488,32619488
2018,Once Upon a Time in Mexico,29000000,56330657,97413527,153744184,124744184
4333,Once Upon a Time in the West,5000000,5321508,5378425,10699933,5699933
3083,One Day,15000000,13843771,59168692,73012463,58012463
3587,One Direction: This is Us,10000000,28873374,68541786,97415160,87415160
4459,One Flew Over the Cuckoo's Nest,4400000,108981275,108997629,217978904,213578904
3369,One Hour Photo,12000000,31597131,52223306,83820437,71820437
2572,One Missed Call,20000000,26890041,44513466,71403507,51403507
2628,One Night with the King,20000000,13395961,13725032,27120993,7120993
1943,One True Thing,30000000,23337196,26708196,50045392,20045392
1358,One for the Money,42000000,26414527,36197221,62611748,20611748
5194,Ong-Bak,1100000,4563167,24062965,28626132,27526132
4407,Only God Forgives,4800000,775849,4494560,5270409,470409
1574,Only the Brave,38000000,18340051,24555177,42895228,4895228
4163,Only the Strong,6000000,3273588,3273588,6547176,547176
2128,Open Range,26000000,58331254,68613992,126945246,100945246
503,Open Season,85000000,85105259,191932158,277037417,192037417
5430,Open Water,500000,30500882,55518641,86019523,85519523
3314,Operation Chromite,12700000,1022720,49196532,50219252,37519252
2788,Orange County,18000000,41059716,43308707,84368423,66368423
4117,Ordinary People,6000000,52302978,52302978,104605956,98605956
5260,Orgazmo,1000000,582024,627287,1209311,209311
2143,Original Sin,26000000,16521410,16521410,33042820,7042820
2537,Orphan,20000000,41596251,78769428,120365679,100365679
5439,Osama,500000,1127331,1971479,3098810,2598810
4259,Ouija,5000000,50856010,103300632,154156642,149156642
3774,Ouija: Origin of Evil,9000000,35144505,81831866,116976371,107976371
3194,Our Family Wedding,14000000,20255281,21410546,41665827,27665827
4277,Our Idiot Brother,5000000,24814830,25861249,50676079,45676079
3490,Out Cold,11000000,13906394,14786394,28692788,17692788
1824,Out of Africa,31000000,79096868,258210860,337307728,306307728
1228,Out of Sight,48000000,37562568,77562568,115125136,67125136
1148,Out of Time,50000000,41083108,55489826,96572934,46572934
2440,Out of the Furnace,22000000,11330849,15434375,26765224,4765224
1118,Outbreak,50000000,67823573,190023573,257847146,207847146
4027,Outside Providence,7000000,7309628,7824358,15133986,8133986
3645,Over Her Dead Body,10000000,7570127,21596074,29166201,19166201
544,Over the Hedge,80000000,155019340,343397247,498416587,418416587
5683,Over the Hill to the Poorhouse,100000,3000000,3000000,6000000,5900000
3360,Overboard,12000000,50316123,85369830,135685953,123685953
53,Oz the Great and Powerful,200000000,234770996,490359051,725130047,525130047
1885,P.S. I Love You,30000000,53695808,155769678,209465486,179465486
3531,PMC: deo beong-keo,10300000,0,12478635,12478635,2178635
4466,Paa,4300000,199228,9791282,9990510,5690510
71,Pacific Rim,190000000,101802906,411002906,512805812,322805812
149,Pacific Rim: Uprising,155000000,59874525,290930148,350804673,195804673
1004,Paddington,55000000,76223578,258789097,335012675,280012675
2132,Pain & Gain,26000000,49875291,81275291,131150582,105150582
2563,Paint Your Wagon,20000000,31678778,31678778,63357556,43357556
4071,Pale Rider,6900000,41410568,41410568,82821136,75921136
5257,Palo Alto,1000000,767732,1156309,1924041,924041
192,Pan,150000000,35088320,151525973,186614293,36614293
5362,Pandora's Box,800000,881950,881950,1763900,963900
5256,Panic,1000000,779137,1425707,2204844,1204844
1216,Panic Room,48000000,95308367,196308367,291616734,243616734
2615,Paparazzi,20000000,15712072,16612072,32324144,12324144
3367,Paper Towns,12000000,32000304,85450484,117450788,105450788
888,ParaNorman,60000000,56003051,108119662,164122713,104122713
5492,Paranormal Activity,450000,107918810,194183034,302101844,301651844
4664,Paranormal Activity 2,3000000,84752907,177512032,262264939,259264939
4250,Paranormal Activity 3,5000000,104028807,207039844,311068651,306068651
4258,Paranormal Activity 4,5000000,53900335,142817992,196718327,191718327
3606,Paranormal Activity: The Ghost Dimension,10000000,18297124,77959374,96256498,86256498
4269,Paranormal Activity: The Marked Ones,5000000,32462372,90904854,123367226,118367226
2178,Parental Guidance,25000000,77267296,120832383,198099679,173099679
1717,Parker,35000000,17616641,48543388,66160029,31160029
327,Passengers,110000000,100014699,302239672,402254371,292254371
4415,Pat Garrett and Billy the Kid,4638783,8000000,11000000,19000000,14361217
1089,Patch Adams,50000000,135014968,202173000,337187968,287187968
4353,Paterson,5000000,2141423,10727536,12868959,7868959
1264,Patriot Games,45000000,83287363,178100000,261387363,216387363
1468,Patriots Day,40000000,31886361,52837989,84724350,44724350
5255,Patti Cake$,1000000,800148,1471090,2271238,1271238
3356,Patton,12000000,62500000,62500000,125000000,113000000
1457,Paul,40000000,37412945,101162106,138575051,98575051
2119,Paul Blart: Mall Cop,26000000,146336178,185904750,332240928,306240928
1559,Paul Blart: Mall Cop 2,38000000,71091594,107650646,178742240,140742240
4294,"Paul, Apostle of Christ",5000000,17547999,25529498,43077497,38077497
1465,Pay it Forward,40000000,33508922,55696705,89205627,49205627
1109,Payback,50000000,81526121,161626121,243152242,193152242
890,Paycheck,60000000,53789313,98819789,152609102,92609102
152,Pearl Harbor,151500000,198539855,449239855,647779710,496279710
3497,Peeples,11000000,9177065,9307166,18484231,7484231
2786,Peggy Sue Got Married,18000000,41382841,41382841,82765682,64765682
236,Penguins of Madagascar,132000000,83350911,366942531,450293442,318293442
5686,Penitentiary,100000,287000,287000,574000,474000
2959,People Like Us,16000000,12431792,12617472,25049264,9049264
2220,Peppermint,25000000,35418723,51800758,87219481,62219481
5409,Per qualche dollaro in piÃ¹,600000,4300000,4300000,8600000,8000000
5616,Per un pugno di dollari,200000,3500000,3516248,7016248,6816248
416,Percy Jackson & the Olympians: The Lightning Thief,95000000,88768303,223050874,311819177,216819177
463,Percy Jackson: Sea of Monsters,90000000,68559554,200859554,269419108,179419108
4553,Perfectos Desconocidos,4000000,0,31166312,31166312,27166312
823,Perfume: The Story of a Murderer,63700000,2223293,133603463,135826756,72126756
3979,Persepolis,7300000,4443403,25397187,29840590,22540590
3460,Pet Sematary,11500000,57469179,57469179,114938358,103438358
392,Peter Pan,100000000,48417850,95255485,143673335,43673335
2527,Peter Pan: Return to Neverland,20000000,48430258,109862682,158292940,138292940
1096,Peter Rabbit,50000000,115234093,347136477,462370570,412370570
790,Peteâs Dragon,65000000,76233151,137768975,214002126,149002126
4701,Phantasm II,3000000,7282851,7282851,14565702,11565702
4703,Phat Girlz,3000000,7061128,7301115,14362243,11362243
1789,Phenomenon,32000000,104636382,152036382,256672764,224672764
2125,Philadelphia,26000000,77324422,201324422,278648844,252648844
3364,Philomena,12000000,37709979,98963392,136673371,124673371
3474,Phone Booth,11000000,46566212,97837138,144403350,133403350
5706,Pi,68000,3221152,4678513,7899665,7831665
5542,Pieces of April,300000,2528664,3571253,6099917,5799917
2124,Pineapple Express,26000000,87341380,102404019,189745399,163745399
5762,Pink Flamingos,12000,413802,413802,827604,815604
4867,Pinocchio,2289247,84300000,84300000,168600000,166310753
2351,Piranha 3D,24000000,25003155,83660160,108663315,84663315
7,Pirates of the Caribbean: At Worldâs End,300000000,309420425,963420425,1272840850,972840850
27,Pirates of the Caribbean: Dead Manâs Chest,225000000,423315812,1066215812,1489531624,1264531624
24,Pirates of the Caribbean: Dead Men Tell No Tales,230000000,172558876,788241137,960800013,730800013
1,Pirates of the Caribbean: On Stranger Tides,410600000,241063875,1045663875,1286727750,876127750
205,Pirates of the Caribbean: The Curse of the Black Pearl,140000000,305411224,634954103,940365327,800365327
2376,Pitch Black,23000000,39235088,53182088,92417176,69417176
2874,Pitch Perfect,17000000,65001093,116044347,181045440,164045440
2013,Pitch Perfect 2,29000000,184296230,287625468,471921698,442921698
1257,Pitch Perfect 3,45000000,104897530,185736412,290633942,245633942
458,Pixels,90000000,78765986,244041804,322807790,232807790
1123,Planes: Fire and Rescue,50000000,59157732,156399644,215557376,165557376
910,Planet 51,60000000,42194060,108996113,151190173,91190173
4198,Planet of the Apes,5800000,33395426,33395426,66790852,60990852
4113,Platoon,6000000,137963328,137978395,275941723,269941723
4714,Please Give,3000000,4033574,4570178,8603752,5603752
987,Pocahontas,55000000,141579773,347100000,488679773,433679773
4777,Pocketful of Miracles,2900000,5000000,5000000,10000000,7100000
3190,Poetic Justice,14000000,27450453,27450453,54900906,40900906
399,Point Break,100000000,28782481,126704591,155487072,55487072
1904,Pokemon 2000,30000000,43746923,133946923,177693846,147693846
4683,Pokemon 3: The Movie,3000000,17052128,68452128,85504256,82504256
1857,Pokemon: The First Movie,30000000,85744662,163644662,249389324,219389324
175,PokÃ©mon: Detective Pikachu,150000000,139507806,411258433,550766239,400766239
4423,Police Academy,4500000,81198894,81198894,162397788,157897788
3823,Polisse,8900000,176988,22744132,22921120,14021120
4148,Pollock,6000000,8596914,10557291,19154205,13154205
1661,Poltergeist,35000000,47425125,95713069,143138194,108138194
3754,Poltergeist III,9500000,14114000,14114000,28228000,18728000
596,Pompeii,80000000,23169033,108469033,131638066,51638066
2602,Pooh's Heffalump Movie,20000000,18098433,55686944,73785377,53785377
4611,Pootie Tang,3500000,3293258,3293258,6586516,3086516
2525,Popeye,20000000,49823037,49823037,99646074,79646074
4475,Porky's,4000000,109492484,109492484,218984968,214984968
144,Poseidon,160000000,60674817,181674817,242349634,82349634
3849,Posledniy bogatyr,8500000,0,30700192,30700192,22200192
293,Power Rangers,120000000,85364450,142531552,227896002,107896002
902,Practical Magic,60000000,46850558,68336997,115187555,55187555
3553,Precious (Based on the Novel Push by Sapphire),10000000,47566524,68722848,116289372,106289372
2775,Predator,18000000,59735548,98267558,158003106,140003106
1694,Predator 2,35000000,28317513,54768418,83085931,48085931
1434,Predators,40000000,52000688,127234389,179235077,139235077
1709,Premium Rush,35000000,20275446,31393201,51668647,16668647
2529,Premonition,20000000,47852604,81461343,129313947,109313947
3171,Pretty Woman,14000000,178406268,432645872,611052140,597052140
2058,Pride & Prejudice,28000000,38372662,126549607,164922269,136922269
1966,Pride and Glory,30000000,15740721,43440721,59181442,29181442
928,Priest,60000000,29136626,84154026,113290652,53290652
804,Primary Colors,65000000,39017984,39017984,78035968,13035968
5774,Primer,7000,424760,841926,1266686,1259686
62,Prince of Persia: Sands of Time,200000000,90759676,336359676,427119352,227119352
1247,Prisoners,46000000,61002302,113402302,174404604,128404604
3009,Private Benjamin,15000000,69847348,69847348,139694696,124694696
3383,Project Almanac,12000000,22348241,32909437,55257678,43257678
3357,Project X,12000000,54731865,103028188,157760053,145760053
3896,Prom,8000000,10130219,10763183,20893402,12893402
2781,Prom Night,18000000,43869350,57193655,101063005,83063005
274,Prometheus,125000000,126477084,402448265,528925349,403925349
3112,Promised Land,15000000,7597898,12394562,19992460,4992460
808,Proof of Life,65000000,32598931,62761005,95359936,30359936
3382,Prophecy,12000000,22673340,22673340,45346680,33346680
1949,Proud Mary,30000000,20868638,21709539,42578177,12578177
2587,Psycho,20000000,21541218,37226218,58767436,38767436
358,Public Enemies,102500000,97104620,212282709,309387329,206887329
3861,Pulp Fiction,8000000,107928762,212928762,320857524,312857524
2484,Pulse,20500000,20264436,30241435,50505871,30005871
2253,Punch-Drunk Love,25000000,17791031,24591031,42382062,17382062
1569,Push,38000000,31811527,49678401,81489928,43489928
245,Puss in Boots,130000000,149260504,554987477,704247981,574247981
25,Quantum of Solace,230000000,169368427,591692078,761060505,531060505
3368,Quarantine,12000000,31691811,41924774,73616585,61616585
3489,Quartet,11000000,18388357,56178935,74567292,63567292
5172,Que Horas Ela Volta?,1200000,376976,3249041,3626017,2426017
3105,Queen of Katwe,15000000,8874389,10055481,18929870,3929870
1691,Queen of the Damned,35000000,30307804,30307804,60615608,25615608
1490,Quest for Camelot,40000000,22772500,38172500,60945000,20945000
2588,Quigley Down Under,20000000,21413105,21413105,42826210,22826210
3236,Quills,13500000,7060876,11732088,18792964,5292964
5509,Quinceanera,400000,1692693,2797199,4489892,4089892
3858,Quo Vadis?,8250000,30000000,30028513,60028513,51778513
1005,R.V.,55000000,71724497,87473024,159197521,104197521
527,RED 2,84000000,53262560,141507355,194769915,110769915
4351,Rabbit Hole,5000000,2229058,6205034,8434092,3434092
4029,Rabbit-Proof Fence,7000000,6199600,16866928,23066528,16066528
4289,Race,5000000,19115191,23745772,42860963,37860963
1119,Race to Witch Mountain,50000000,67172595,105103784,172276379,122276379
3399,Rachel Getting Married,12000000,12796861,17475475,30272336,18272336
1898,Racing Stripes,30000000,49772522,89955540,139728062,109728062
1657,Radio,35000000,52333738,53293628,105627366,70627366
2954,Radio Days,16000000,14792779,14792779,29585558,13585558
2800,Raging Bull,18000000,23380203,23380203,46760406,28760406
2486,Raiders of the Lost Ark,20000000,225686079,367452079,593138158,573138158
2161,Rain Man,25000000,172825435,412800000,585625435,560625435
3098,Raise Your Voice,15000000,10411980,14811980,25223960,10223960
3486,Raising Cain,11000000,21171695,21171695,42343390,31343390
1154,Raising Helen,50000000,37485528,49928680,87414208,37414208
5360,Raising Victor Vargas,800000,2073984,2900578,4974562,4174562
102,Ralph Breaks The Internet,175000000,201091711,524283695,725375406,550375406
1230,Rambo,47500000,42754105,112214531,154968636,107468636
958,Rambo III,58000000,53715611,188715611,242431222,184431222
1328,Rambo: First Blood Part II,44000000,150415432,300400000,450815432,406815432
3059,Ramona and Beezus,15000000,26167002,27469621,53636623,38636623
289,Rampage,120000000,101028233,428056280,529084513,409084513
822,Random Hearts,64000000,31054924,63200000,94254924,30254924
4236,Rang De Basanti,5300000,2197694,29197694,31395388,26095388
228,Rango,135000000,123477607,245724600,369202207,234202207
699,Ransom,70000000,136492681,308700000,445192681,375192681
1223,Rat Race,48000000,56607223,86607223,143214446,95214446
164,Ratatouille,150000000,206445654,626549695,832995349,682995349
2651,Ratchet and Clank,20000000,8813410,14365639,23179049,3179049
1407,Ray,40000000,75305995,124823094,200129089,160129089
177,Ready Player One,150000000,137690172,579290136,716980308,566980308
2356,Ready to Rumble,24000000,12372410,12372410,24744820,744820
330,Real Steel,110000000,85463309,263880341,349343650,239343650
4705,Real Women Have Curves,3000000,5853194,7777790,13630984,10630984
5146,Rebecca,1288000,6000000,6002370,12002370,10714370
3564,Recess: School's Out,10000000,36696761,44451470,81148231,71148231
862,Red,60000000,90380162,196439693,286819855,226819855
1534,Red Cliff,40000000,627047,119627047,120254094,80254094
800,Red Dawn,65000000,44806783,48164150,92970933,27970933
3766,Red Dog,9100000,0,20927794,20927794,11827794
613,Red Dragon,78000000,92955420,206455420,299410840,221410840
2129,Red Eye,26000000,57891803,96666486,154558289,128558289
1354,Red Riding Hood,42000000,37662162,91678442,129340604,87340604
4696,Red River,3000000,9012000,9012000,18024000,15024000
751,Red Sparrow,69000000,46874505,145951861,192826366,123826366
960,Red Tails,58000000,49876377,50365498,100241875,42241875
1768,Reds,33500000,50000000,50000000,100000000,66500000
2595,Reign Over Me,20000000,19661987,20081987,39743974,19743974
909,Reign of Fire,60000000,43061982,82150183,125212165,65212165
1614,Reindeer Games,36000000,23360779,23360779,46721558,10721558
4795,Rejsen til Saturn,2700000,0,5377665,5377665,2677665
4818,Religulous,2500000,13011160,13881317,26892477,24392477
2950,Remember Me,16000000,19068240,56506120,75574360,59574360
1845,Remember the Titans,30000000,115654751,136706683,252361434,222361434
1489,Renaissance Man,40000000,24172899,24172899,48345798,8345798
2088,Rendition,27500000,9736045,26939925,36675970,9175970
3604,Reno 911!: Miami,10000000,20342161,21851362,42193523,32193523
1478,Rent,40000000,29077547,31670620,60748167,20748167
5079,Repo Man,1500000,2300000,2300000,4600000,3100000
1812,Repo Men,32000000,13942007,18195238,32137245,137245
4433,Requiem for a Dream,4500000,3635482,7389233,11024715,6524715
3659,Rescue Dawn,10000000,5490423,7037886,12528309,2528309
5166,Reservoir Dogs,1200000,2832029,2832029,5664058,4464058
1669,Resident Evil,35000000,40119709,103787401,143907110,108907110
969,Resident Evil: Afterlife,57500000,60128566,295874190,356002756,298502756
1133,Resident Evil: Apocalypse,50000000,50740078,125168734,175908812,125908812
1285,Resident Evil: Extinction,45000000,50648679,149871103,200519782,155519782
803,Resident Evil: Retribution,65000000,42345531,240647629,282993160,217993160
1483,Resident Evil: The Final Chapter,40000000,26844692,314101190,340945882,300945882
4109,Return of the Living Dead Part II,6200000,9205924,9205924,18411848,12211848
2345,Return to Me,24000000,32662299,32662299,65324598,41324598
1300,Revolutionary Road,45000000,22951340,79604820,102556160,57556160
2794,Ricki and the Flash,18000000,26839498,41166033,68005531,50005531
1565,Riddick,38000000,42025135,94763758,136788893,98788893
2166,Ride Along,25000000,134202565,153733800,287936365,262936365
1394,Ride Along 2,40000000,90862685,124827316,215690001,175690001
4804,Riding Giants,2600000,2276368,3292333,5568701,2968701
1236,Riding in Cars with Boys,47000000,29781453,29781453,59562906,12562906
912,Righteous Kill,60000000,40081410,78481410,118562820,58562820
2237,Rings,25000000,27793018,82917283,110710301,85710301
445,Rio,90000000,143619809,487519809,631139618,541139618
248,Rio 2,130000000,131538435,492846291,624384726,494384726
201,Rise of the Guardians,145000000,103412758,306900902,410313660,265313660
430,Rise of the Planet of the Apes,93000000,176760185,470986200,647746385,554746385
2547,Risen,20000000,36880033,46255763,83135796,63135796
5003,River's Edge,1900000,4600000,4600000,9200000,7300000
5389,Rize,700000,3278611,4857731,8136342,7436342
1455,Ri¢hie Ri¢h,40000000,38087756,38087756,76175512,36175512
3582,Road House,10000000,30050028,30050028,60100056,50100056
2929,Road Trip,16000000,68525609,119739110,188264719,172264719
556,Road to Perdition,80000000,104054514,183354514,287409028,207409028
4957,Roadside Romeo,2000000,55202,2046090,2101292,101292
2062,Rob Roy,28000000,31390587,31390587,62781174,34781174
408,Robin Hood,99000000,30824628,84747441,115572069,16572069
1085,Robin Hood: Prince of Thieves,50000000,165493908,390500000,555993908,505993908
4325,Robin and Marian,5000000,8000000,8000000,16000000,11000000
3287,Robinson Crusoe,13000000,8005586,42446455,50452041,37452041
295,RoboCop,120000000,58607007,242981799,301588806,181588806
4825,Robot & Frank,2500000,3317468,4934356,8251824,5751824
550,Robots,80000000,128200012,260700012,388900024,308900024
728,Rock of Ages,70000000,38518613,61031932,99550545,29550545
5208,Rocket Singh: Salesman of the Year,1070000,164649,5348767,5513416,4443416
1370,Rocketman,41000000,57342725,108642725,165985450,124985450
2828,RocknRolla,18000000,5700626,27794339,33494965,15494965
5210,Rocky,1000000,117235147,225000000,342235147,341235147
2334,Rocky Balboa,24000000,70269899,156229050,226498949,202498949
5666,Roger & Me,140000,6706368,6706368,13412736,13272736
44,Rogue One: A Star Wars Story,200000000,532177324,1049102856,1581280180,1381280180
2042,Role Models,28000000,67300955,94500826,161801781,133801781
3610,Roll Bounce,10000000,17380866,17433072,34813938,24813938
2439,"Roman J. Israel, Esq.",22000000,11962712,12967012,24929724,2929724
2188,Romeo Must Die,25000000,55973336,91036760,147010096,122010096
3166,Romeo+Juliet,14500000,46338728,147542381,193881109,179381109
1022,Ronin,55000000,41610884,70692101,112302985,57302985
3279,Room,13000000,14677674,36262783,50940457,37940457
4652,Rosemary's Baby,3200000,33395426,33395426,66790852,63590852
2586,Rough Night,20000000,22105643,46844357,68950000,48950000
3380,Rounders,12000000,22921898,22921898,45843796,33843796
5454,Rubber,500000,100370,680914,781284,281284
5361,Ruby in Paradise,800000,1001437,1001437,2002874,1202874
2211,Rugrats Go Wild,25000000,39402572,55443032,94845604,69845604
1863,Rugrats in Paris,30000000,76501438,103284813,179786251,149786251
880,Rules of Engagement,60000000,61322858,71719931,133042789,73042789
3955,Rumble in the Bronx,7500000,32281907,36238752,68520659,61020659
725,Rumor Has It,70000000,42996140,88933562,131929702,61929702
1169,Run All Night,50000000,26461644,66961644,93423288,43423288
3656,"Run, Fatboy, Run",10000000,6003262,33512260,39515522,29515522
696,Runaway Bride,70000000,152257509,310138178,462395687,392395687
1952,Runner Runner,30000000,19316646,60512680,79829326,49829326
3411,Running With Scissors,12000000,6860000,8706701,15566701,3566701
1570,Rush,38000000,26947624,98230839,125178463,87178463
1630,Rush Hour,35000000,141186864,245300000,386486864,351486864
440,Rush Hour 2,90000000,226164286,347425832,573590118,483590118
86,Rush Hour 3,180000000,140125968,256585882,396711850,216711850
3611,Rushmore,10000000,17105219,19080435,36185654,26185654
703,S.W.A.T.,70000000,116877597,207154748,324032345,254032345
959,Sabrina,58000000,53458319,87100000,140558319,82558319
1777,Safe,33000000,17142080,41495213,58637293,25637293
2040,Safe Haven,28000000,71399120,94050951,165450071,137450071
498,Safe House,85000000,126181630,208542162,334723792,249723792
5376,Safety Not Guaranteed,750000,4010957,4422318,8433275,7683275
202,Sahara,145000000,68671925,121671925,190343850,45343850
5371,Saints and Soldiers,780000,1310470,1310470,2620940,1840940
249,Salt,130000000,118311368,290650494,408961862,278961862
4439,Salvando al Soldado Perez,4500000,1400726,9330465,10731191,6231191
4094,Same Kind of Different as Me,6500000,6423605,6423605,12847210,6347210
2320,Sammy's avonturen: De geheime doorgang,25000000,0,71594792,71594792,46594792
4517,Samsara,4000000,2672413,5966671,8639084,4639084
318,San Andreas,110000000,155190832,456258539,611449371,501449371
5131,San Francisco,1300000,2868000,5273000,8141000,6841000
1944,Sanctum,30000000,23209310,108957098,132166408,102166408
5229,Sands of Iwo Jima,1000000,7800000,7800000,15600000,14600000
4794,Sardaar Ji,2700000,0,8200000,8200000,5500000
5044,Saul fia,1700000,1777043,9696537,11473580,9773580
2727,Sausage Party,19000000,97670358,141344255,239014613,220014613
1287,Savages,45000000,47323100,82513490,129836590,84836590
3246,Save the Last Dance,13000000,91038276,122244329,213282605,200282605
4323,Saved!,5000000,8886160,10206551,19092711,14092711
4494,Saving Grace,4000000,12178602,27786849,39965451,35965451
1636,Saving Mr. Banks,35000000,83299761,114962525,198262286,163262286
770,Saving Private Ryan,65000000,216335085,485035085,701370170,636370170
2430,Saving Silverman,22000000,19351569,25873142,45224711,23224711
5156,Saw,1200000,55968727,103880027,159848754,158648754
2878,Saw 3D,17000000,45710178,133735284,179445462,162445462
4251,Saw II,5000000,87025093,152925093,239950186,234950186
3540,Saw III,10000000,80238724,163876815,244115539,234115539
3546,Saw IV,10000000,63300095,135759694,199059789,189059789
3516,Saw V,10800000,56746769,118209778,174956547,164156547
3483,Saw VI,11000000,27693292,69752402,97445694,86445694
2202,Scarface,25000000,44942821,44942821,89885642,64885642
2725,Scary Movie,19000000,157019771,277200000,434219771,415219771
1269,Scary Movie 2,45000000,71277420,141189101,212466521,167466521
1255,Scary Movie 3,45000000,110000082,155200000,265200082,220200082
1395,Scary Movie 4,40000000,90710620,178710620,269421240,229421240
2560,Scary Movie V,20000000,32015787,78613981,110629768,90629768
2168,Schindlerâs List,25000000,96898818,322197132,419095950,394095950
4137,School Daze,6000000,14545844,14545844,29091688,23091688
2603,School for Scoundrels,20000000,17807569,17807569,35615138,15615138
2505,School of Rock,20000000,81261177,131944672,213205849,193205849
525,Scooby-Doo,84000000,153294164,276294164,429588328,345588328
2170,Scooby-Doo 2: Monsters Unleashed,25000000,84185387,181185387,265370774,240370774
4498,Scoop,4000000,10525717,40103262,50628979,46628979
3124,Scouts Guide to the Zombie Apocalypse,15000000,3703046,15554855,19257901,4257901
3000,Scream,15000000,103046663,173046663,276093326,261093326
2332,Scream 2,24000000,101363301,172363301,273726602,249726602
1397,Scream 3,40000000,89138076,161838076,250976152,210976152
1454,Scream 4,40000000,38180928,95989590,134170518,94170518
3410,Screwed,12000000,6982680,6982680,13965360,1965360
1793,Scrooged,32000000,59450353,59450353,118900706,86900706
3121,Se jie,15000000,4604982,65167430,69772412,54772412
1854,Se7en,30000000,100125643,328125643,428251286,398251286
4330,Sea Rex 3D: Journey to a Prehistoric World,5000000,6096582,16515203,22611785,17611785
2728,Sea of Love,19000000,58571513,58571513,117143026,98143026
486,Seabiscuit,86000000,120277854,148715342,268993196,182993196
1488,Season of the Witch,40000000,24827228,91126600,115953828,75953828
2982,Second Act,15700000,39282227,63288854,102571081,86871081
1911,Secondhand Lions,30000000,42070939,47902566,89973505,59973505
1440,Secret Window,40000000,47958031,92111551,140069582,100069582
2593,Secret in Their Eyes,20000000,20180155,32608019,52788174,32788174
1652,Secretariat,35000000,59699513,60376247,120075760,85075760
4512,Secretary,4000000,4046737,9413956,13460693,9460693
4427,Secrets & Lies,4500000,13417292,13417292,26834584,22334584
3892,See No Evil,8000000,15032800,18828036,33860836,25860836
2940,See Spot Run,16000000,33357476,43057552,76415028,60415028
2024,Seed of Chucky,29000000,17016190,24716190,41732380,12732380
3647,Seeking a Friend for the End of the World,10000000,7078738,11766959,18845697,8845697
2551,Selena,20000000,35450113,35450113,70900226,50900226
2147,Self/Less,26000000,12279691,33667319,45947010,19947010
2524,Selma,20000000,52076908,66776576,118853484,98853484
1030,Semi-Pro,55000000,33479698,43980363,77460061,22460061
2744,Sen to Chihiro no Kamikakushi,19000000,10049886,274949886,284999772,265999772
2920,Sense and Sensibility,16500000,42993774,134993774,177987548,161487548
5195,Serbuan maut,1100000,4105123,9297407,13402530,12302530
2052,Serendipity,28000000,50255310,77477297,127732607,99732607
1549,Serenity,39000000,25514517,40319440,65833957,26833957
3288,Serial Mom,13000000,7881335,7881335,15762670,2762670
2025,Serving Sara,29000000,16930185,20146150,37076335,8076335
5090,Session 9,1500000,378176,1619602,1997778,497778
3773,Set It Off,9000000,36049108,36049108,72098216,63098216
1051,Seven Pounds,54000000,69951824,166617328,236569152,182569152
3235,Seven Psychopaths,13500000,15024049,33035736,48059785,34559785
729,Seven Years in Tibet,70000000,37945884,131445884,169391768,99391768
423,Seventh Son,95000000,17725785,108874967,126600752,31600752
1453,Sex Tape,40000000,38543473,126069509,164612982,124612982
968,Sex and the City,57500000,152647258,415247258,567894516,510394516
415,Sex and the City 2,95000000,95347692,294680778,390028470,295028470
5157,"Sex, Lies, and Videotape",1200000,24741667,36741667,61483334,60283334
4465,Sexy Beast,4300000,6946056,10158355,17104411,12804411
1548,Sgt. Bilko,39000000,30356589,37956589,68313178,29313178
4078,Shade,6800000,25032,9533964,9558996,2758996
3898,Shadow of the Vampire,8000000,8279017,8279017,16558034,8558034
2423,Shadowlands,22000000,25842377,25842377,51684754,29684754
2122,Shakespeare in Love,26000000,100317794,279500000,379817794,353817794
5118,Shalako,1455000,2620000,2620000,5240000,3785000
1425,Shall We Dance?,40000000,57887882,118097882,175985764,135985764
1412,Shallow Hal,40000000,70836296,70836296,141672592,101672592
4096,Shame,6500000,4002293,20412841,24415134,17915134
1122,Shanghai Knights,50000000,60470220,88316835,148787055,98787055
1013,Shanghai Noon,55000000,56932305,71189835,128122140,73122140
3702,Shaolin Soccer,10000000,488872,42776032,43264904,33264904
2251,Shark Night 3D,25000000,18877153,18877153,37754306,12754306
634,Shark Tale,75000000,161412000,371917043,533329043,458329043
4305,Shaun of the Dead,5000000,13542874,30332385,43875259,38875259
2250,Shaun the Sheep,25000000,19375982,101925161,121301143,96301143
496,Shazam!,85000000,139606856,362899733,502506589,417506589
5618,She Done Him Wrong,200000,2000000,2000000,4000000,3800000
5051,She Wore a Yellow Ribbon,1600000,5400000,5400000,10800000,9200000
3545,She's All That,10000000,63465522,63465522,126931044,116931044
5646,She's Gotta Have It,175000,7137502,7137502,14275004,14100004
2561,She's Out of My League,20000000,32010860,48680977,80691837,60691837
2223,She's the Man,25000000,33889159,55279608,89168767,64168767
4604,She's the One,3500000,9482579,13795053,23277632,19777632
953,Sherlock Gnomes,59000000,43242871,87527651,130770522,71770522
441,Sherlock Holmes,90000000,209028679,498438212,707466891,617466891
268,Sherlock Holmes: A Game of Shadows,125000000,186848418,535663443,722511861,597511861
2399,Shi Yue Wei Cheng,23000000,0,44195779,44195779,21195779
5447,Shichinin no samurai,500000,271736,271736,543472,43472
4216,Shine,5500000,35811509,36672493,72484002,66984002
5233,Shine a Light,1000000,5505267,16173879,21679146,20679146
5438,Sholem Aleichem: Laughing in the Darkness,500000,1131261,1131261,2262522,1762522
1550,Shoot 'Em Up,39000000,12796824,26796824,39593648,593648
901,Shooter,60000000,47003582,95538560,142542142,82542142
3961,Shopgirl,7500000,10284523,11758418,22042941,14542941
5621,Short Cut to Nirvana: Kumbh Mela,200000,381225,439651,820876,620876
4930,Shortbus,2000000,1985292,1985292,3970584,1970584
2590,Shorts,20000000,20919166,29870801,50789967,30789967
5586,Shotgun Stories,250000,46026,284174,330200,80200
4860,Show Boat,2300000,11000000,11000000,22000000,19700000
1496,Showgirls,40000000,20350754,37750754,58101508,18101508
518,Showtime,85000000,37948765,78948765,116897530,31897530
1082,Shrek,50000000,267655011,491812794,759467805,709467805
692,Shrek 2,70000000,441226247,937008132,1378234379,1308234379
126,Shrek Forever After,165000000,238736787,756244673,994981460,829981460
136,Shrek the Third,160000000,322719944,807330936,1130050880,970050880
3649,Shut In,10000000,6900335,11360665,18261000,8261000
3878,Shutter,8000000,25928550,47782426,73710976,65710976
551,Shutter Island,80000000,128012934,299461782,427474716,347474716
1899,Sicario,30000000,46889293,84393749,131283042,101283042
1658,Sicario: Day of the Soldado,35000000,50065850,75885196,125951046,90951046
3778,Sicko,9000000,24538513,36535837,61074350,52074350
5244,Sidewalks of New York,1000000,2402459,3575308,5977767,4977767
2871,Sideways,17000000,71502303,109793192,181295495,164295495
691,Signs,70702619,227969295,408269295,636238590,565535971
1141,Silent Hill,50000000,46982632,94704227,141686859,91686859
2604,Silent Hill: Revelation 3D,20000000,17530219,55975672,73505891,53505891
4896,Silent House,2000000,12739737,16610760,29350497,27350497
4460,Silent Movie,4400000,36145695,36145695,72291390,67891390
3847,Silmido,8500000,298347,30298347,30596694,22096694
4019,Silver Bullet,7000000,10803211,10803211,21606422,14606422
2458,Silver Linings Playbook,21000000,132092958,236412453,368505411,347505411
2139,Silverado,26000000,33200000,33200000,66400000,40400000
5142,Simon,1300000,4055,1738663,1742718,442718
2601,Simon Birch,20000000,18253415,18310591,36564006,16564006
4159,Simply Irresistible,6000000,4398989,4398989,8797978,2797978
1408,Sin City,40000000,74103820,158527918,232631738,192631738
932,Sinbad: Legend of the Seven Seas,60000000,26483452,80767884,107251336,47251336
628,Sing,75000000,270329045,634454789,904783834,829783834
4810,Singin' in the Rain,2540000,7200000,7200000,14400000,11860000
4668,Sinister,3000000,48086903,87727807,135814710,132814710
3590,Sinister 2,10000000,27740955,54104225,81845180,71845180
1856,Sisters,30000000,87044645,106030660,193075305,163075305
573,"Six Days, Seven Nights",80000000,74339294,164800000,239139294,159139294
730,Sky Captain and the World of Tomorrow,70000000,37760080,49730854,87490934,17490934
1646,Sky High,35000000,63939454,83109359,147048813,112048813
51,Skyfall,200000000,304360277,1110526981,1414887258,1214887258
3598,Skyline,10000000,21416355,68264973,89681328,79681328
277,Skyscraper,125000000,68420120,304115534,372535654,247535654
5752,Slacker,23000,1227508,1227508,2455016,2432016
5252,Slam,1000000,1009819,1087521,2097340,1097340
4891,Sleeper,2000000,18344729,18344729,36689458,34689458
1329,Sleepers,44000000,53300852,165600852,218901704,174901704
3637,Sleepover,10000000,9408183,9408183,18816366,8816366
705,Sleepy Hollow,70000000,101068340,207068340,308136680,238136680
5571,Sleight,250000,3930990,3934450,7865440,7615440
3579,Slender Man,10000000,30564825,51723644,82288469,72288469
4142,Sliding Doors,6000000,11911200,58809149,70720349,64720349
4405,Sling Blade,4833610,24475416,34175000,58650416,53816806
2990,Slither,15250000,7802450,12930343,20732793,5482793
3173,Slumdog Millionaire,14000000,141330703,384530440,525861143,511861143
4332,Slums of Beverly Hills,5000000,5502773,5502773,11005546,6005546
1428,Small Soldiers,40000000,55143823,71743823,126887646,86887646
2806,Small Time Crooks,18000000,17266359,29934477,47200836,29200836
568,Smallfoot,80000000,83240103,213691277,296931380,216931380
5729,Smiling Fish and Goat on Fire,40000,277233,277233,554466,514466
4906,Smoke Signals,2000000,6719300,7756617,14475917,12475917
2884,Smokin' Aces,17000000,35662731,57263440,92926171,75926171
904,Smurfs: The Lost Village,60000000,45020282,197578586,242598868,182598868
4467,Snabba Cash,4300000,188870,10212403,10401273,6101273
677,Snake Eyes,73000000,55591409,103891409,159482818,86482818
1774,Snakes on a Plane,33000000,34020814,62020814,96041628,63041628
3581,Snatch,10000000,30093107,83593107,113686214,103686214
1350,Snatched,42000000,45852178,57852177,103704355,61704355
4061,Snezhnaya koroleva,7000000,0,15193977,15193977,8193977
3025,Snitch,15000000,42930462,57907734,100838196,85838196
3250,Snow Day,13000000,60008303,62452927,122461230,109461230
1791,Snow Dogs,32000000,81150692,116898028,198048720,166048720
4169,Snow Flower and the Secret Fan,6000000,1348205,11348205,12696410,6696410
118,Snow White and the Huntsman,170000000,155136755,401021746,556158501,386158501
5117,Snow White and the Seven Dwarfs,1488000,184925486,184925486,369850972,368362972
1178,Snowden,50000000,21587519,35380918,56968437,6968437
1526,Snowpiercer,40000000,4563029,88069880,92632909,52632909
11,Solo: A Star Wars Story,275000000,213767512,393151347,606918859,331918859
4316,Solomon and Sheba,5000000,11000000,11014961,22014961,17014961
4781,Some Like it Hot,2883848,25000000,25019542,50019542,47135694
2378,Someone Like You,23000000,27338033,38684906,66022939,43022939
1671,Something Borrowed,35000000,39046489,65084116,104130605,69130605
552,Something's Gotta Give,80000000,124685242,266685242,391370484,311370484
4041,Somewhere,7000000,1785645,17023121,18808766,11808766
4246,Somewhere in Time,5100000,9709597,9709597,19419194,14319194
2410,Son of God,22000000,59700064,70949793,130649857,108649857
4931,Son of Rambow: A Home Movie,2000000,1785505,11263263,13048768,11048768
5023,Songcatcher,1800000,3050934,3050934,6101868,4301868
2452,Sorcerer,21600000,12000000,12005968,24005968,2405968
3405,Sorority Boys,12000000,10198766,12516222,22714988,10714988
3322,Sorority Row,12500000,11965282,26735797,38701079,26201079
4653,Sorry to Bother You,3200000,17493096,18285560,35778656,32578656
3953,Soul Food,7500000,43492389,43492389,86984778,79484778
4402,Soul Kitchen,4900000,276901,23347461,23624362,18724362
2957,Soul Plane,16000000,13922211,14553807,28476018,12476018
2782,Soul Surfer,18000000,43853424,47158652,91012076,73012076
5667,Sound of My Voice,135000,408015,429448,837463,702463
1795,Source Code,32000000,54712227,140428499,195140726,163140726
2461,"South Park: Bigger, Longer & Uncut",21000000,52037603,52037603,104075206,83075206
1891,Southpaw,30000000,52421953,94156456,146578409,116578409
1600,Space Chimps,37000000,30105968,67029956,97135924,60135924
787,Space Cowboys,65000000,90454043,128874043,219328086,154328086
566,Space Jam,80000000,90463534,250200000,340663534,260663534
2400,Spaceballs,22700000,38119483,38119483,76238966,53538966
4685,Spaced Invaders,3000000,15000000,15000000,30000000,27000000
657,Spanglish,75000000,42044321,54344321,96388642,21388642
3595,Sparkle,10000000,24397469,24660323,49057792,39057792
3373,Spartacus,12000000,30000000,60000000,90000000,78000000
1429,Spawn,40000000,54979992,87949859,142929851,102929851
1650,Species,35000000,60054449,113354449,173408898,138408898
9,Spectre,300000000,200074175,879620923,1079695098,779695098
1842,Speed,30000000,121248145,283200000,404448145,374448145
337,Speed 2: Cruise Control,110000000,48097081,150468000,198565081,88565081
298,Speed Racer,120000000,43945766,93394462,137340228,17340228
5073,Spellbound,1500000,7000000,7000000,14000000,12500000
678,Sphere,73000000,37068294,50168294,87236588,14236588
3679,Sphinx,10000000,2000000,11400000,13400000,3400000
2234,Spice World,25000000,29342592,56042592,85385184,60385184
218,Spider-Man,139000000,403706375,821706375,1225412750,1086412750
49,Spider-Man 2,200000000,373524485,795110670,1168635155,968635155
15,Spider-Man 3,258000000,336530303,894860230,1231390533,973390533
98,Spider-Man: Homecoming,175000000,334201140,880166350,1214367490,1039367490
443,Spider-Man: Into The Spider-Verse 3D,90000000,190173195,375381768,565554963,475554963
574,Spirit: Stallion of the Cimarron,80000000,73215310,106515310,179730620,99730620
3864,Splash,8000000,62599495,62599495,125198990,117198990
1962,Splice,30000000,17010170,28542494,45552664,15552664
4249,Split,5000000,138141585,278964806,417106391,412106391
4031,Split Second,7000000,5430822,5430822,10861644,3861644
1858,SpongeBob SquarePants: The Movie,30000000,85416609,142051255,227467864,197467864
2533,Spotlight,20000000,45055776,92088460,137144236,117144236
4302,Spring Breakers,5000000,14124286,31149251,45273537,40273537
466,Spy Game,90000000,62362560,143049560,205412120,115412120
2793,Spy Hard,18000000,26936265,26936265,53872530,35872530
1634,Spy Kids,35000000,112692062,197692062,310384124,275384124
1556,Spy Kids 2: The Island of Lost Dreams,38000000,85846296,119721296,205567592,167567592
1386,Spy Kids 3-D: Game Over,40000000,111760631,167851995,279612626,239612626
2099,Spy Kids: All the Time in the World,27000000,38536376,80681183,119217559,92217559
782,Spy!,65000000,110825712,232585748,343411460,278411460
3562,St. Elmoâs Fire,10000000,37800000,37800000,75600000,65600000
3463,St. Trinianâs,11400000,15000,29830239,29845239,18445239
3260,St. Vincent,13000000,44137712,54837234,98974946,85974946
3867,Stand by Me,8000000,52287414,52287414,104574828,96574828
206,Star Trek,140000000,257730019,386839614,644569633,504569633
78,Star Trek Beyond,185000000,158848340,335802233,494650573,309650573
3347,Star Trek II: The Wrath of Khan,12000000,78912963,95800000,174712963,162712963
2769,Star Trek III: The Search for Spock,18000000,76471046,87000000,163471046,145471046
2331,Star Trek IV: The Voyage Home,24000000,109713132,133000000,242713132,218713132
67,Star Trek Into Darkness,190000000,228778661,467381584,696160245,506160245
1892,Star Trek V: The Final Frontier,30000000,52210049,70200000,122410049,92410049
2091,Star Trek VI: The Undiscovered Country,27000000,74888996,96900000,171788996,144788996
1245,Star Trek: First Contact,46000000,92027888,150000000,242027888,196027888
1557,Star Trek: Generations,38000000,75671262,120000000,195671262,157671262
715,Star Trek: Insurrection,70000000,70187658,117800000,187987658,117987658
908,Star Trek: Nemesis,60000000,43254409,67312826,110567235,50567235
1637,Star Trek: The Motion Picture,35000000,82258456,139000000,221258456,186258456
303,Star Wars Ep. I: The Phantom Menace,115000000,474544677,1027044677,1501589354,1386589354
305,Star Wars Ep. II: Attack of the Clones,115000000,310676740,656695615,967372355,852372355
304,Star Wars Ep. III: Revenge of the Sith,115000000,380270577,848998877,1229269454,1114269454
3464,Star Wars Ep. IV: A New Hope,11000000,460998007,786598007,1247596014,1236596014
2367,Star Wars Ep. V: The Empire Strikes Back,23000000,290271960,534161334,824433294,801433294
1783,Star Wars Ep. VI: Return of the Jedi,32500000,309205079,572705079,881910158,849410158
5,Star Wars Ep. VII: The Force Awakens,306000000,936662225,2053311220,2989973445,2683973445
4,Star Wars Ep. VIII: The Last Jedi,317000000,620181382,1316721747,1936903129,1619903129
3831,Star Wars: The Clone Wars,8500000,35161554,68695443,103856997,95356997
727,Stardust,70000000,38634938,137022245,175657183,105657183
1006,Stargate,55000000,71565669,196565669,268131338,213131338
390,Starship Troopers,100000000,54768952,121100000,175868952,75868952
863,Starsky & Hutch,60000000,88200225,170200225,258400450,198400450
4434,State Fair,4500000,3500000,3500000,7000000,2500000
914,State of Play,60000000,37017955,88832210,125850165,65850165
2584,Stay Alive,20000000,23086480,23187506,46273986,26273986
2271,Stealing Harvard,25000000,13973532,13973532,27947064,2947064
784,Step Brothers,65000000,100468793,128468793,228937586,163937586
3353,Step Up,12000000,65328121,110989157,176317278,164317278
2858,Step Up 2 the Streets,17500000,58017783,148586910,206604693,189104693
1908,Step Up 3D,30000000,42400223,165889117,208289340,178289340
1773,Step Up Revolution,33000000,35074677,165552290,200626967,167626967
1102,Stepmom,50000000,91137662,159745279,250882941,200882941
1959,Steve Jobs,30000000,17766658,35579007,53345665,23345665
2571,Stick It,20000000,26910736,30399714,57310450,37310450
1796,Stigmata,32000000,50041732,89441732,139483464,107483464
4291,Still Alice,5000000,18656400,41699612,60356012,55356012
3385,Stir of Echoes,12000000,21133087,21133087,42266174,30266174
3428,Stoker,12000000,1703125,12034913,13738038,1738038
3178,Stomp the Yard,14000000,61356221,75525718,136881939,122881939
714,Storks,70000000,72679278,183353431,256032709,186032709
2034,Straight Outta Compton,28000000,161197785,202182981,363380766,335380766
5493,Straight out of Brooklyn,450000,2712293,2712293,5424586,4974586
1912,Stranger Than Fiction,30000000,40435190,53572822,94008012,64008012
5161,Strangers on a Train,1200000,7000000,7000000,14000000,12800000
4927,Strangers with Candy,2000000,2072645,2077844,4150489,2150489
1682,Street Fighter,35000000,33423000,99423000,132846000,97846000
2574,Street Kings,20000000,26418667,65457811,91876478,71876478
3539,Stripes,10000000,85300000,85300000,170600000,160600000
1159,Striptease,50000000,33109743,113309743,146419486,96419486
348,Stuart Little,105000000,140015224,298815224,438830448,333830448
294,Stuart Little 2,120000000,64956806,166000000,230956806,110956806
1029,Stuck On You,55000000,33832741,63537164,97369905,42369905
5008,Submarine,1900000,467602,4581937,5049539,3149539
4945,Subway,2000000,390659,1663296,2053955,53955
661,Sucker Punch,75000000,36392502,89758389,126150891,51150891
3215,Suffragette,14000000,4702420,34044909,38747329,24747329
3607,Sugar Hill,10000000,18272447,18423914,36696361,26696361
5581,Sugar Town,250000,178095,178095,356190,106190
99,Suicide Squad,175000000,325100054,746059887,1071159941,896159941
5054,Sukkar banat,1600000,1060591,14253760,15314351,13714351
849,Sully,60000000,125070033,238524556,363594589,303594589
3499,Sultan,11000000,5599781,72989781,78589562,67589562
2892,Summer Catch,17000000,19693891,19693891,39387782,22387782
2431,Summer of Sam,22000000,19288130,19288130,38576260,16576260
5495,Sunday,450000,410919,450349,861268,411268
4313,Sunshine Cleaning,5000000,12062558,17329337,29391895,24391895
4209,Sunshine State,5600000,3064356,3281898,6346254,746254
1092,Super 8,50000000,127004179,257972745,384976924,334976924
5709,Super Size Me,65000,11529368,22233808,33763176,33698176
5158,Super Troopers,1200000,18492362,23046142,41538504,40338504
2856,Superbad,17500000,121463226,169955142,291418368,273918368
2948,Superfly,16000000,20537137,20723581,41260718,25260718
1697,Superhero Movie,35000000,26638520,73026302,99664822,64664822
988,Superman,55000000,134218018,300200000,434418018,379418018
1048,Superman II,54000000,108185706,108185706,216371412,162371412
1545,Superman III,39000000,59950623,59950623,119901246,80901246
2897,Superman IV: The Quest for Peace,17000000,11227824,11227824,22455648,5455648
23,Superman Returns,232000000,200120000,374085065,574205065,342205065
3188,Superstar,14000000,30628981,30628981,61257962,47257962
4826,Sur Le Seuil,2500000,2013052,2013052,4026104,1526104
387,Surf's Up,100000000,58867694,145395745,204263439,104263439
587,Surrogates,80000000,38577772,119668350,158246122,78246122
1554,Sweet Home Alabama,38000000,127214072,182365114,309579186,271579186
1486,Sweet November,40000000,25288103,65754228,91042331,51042331
5655,Sweet Sweetback's Baad Asssss Song,150000,15200000,15200000,30400000,30250000
3588,Swimfan,10000000,28564995,34084228,62649223,52649223
3949,Swimming Pool,7800000,10130108,24021282,34151390,26351390
2475,Swing Vote,21000000,16289867,17589867,33879734,12879734
5615,Swingers,200000,4505922,6618578,11124500,10924500
4709,Swiss Army Man,3000000,4210454,5837111,10047565,7047565
575,Swordfish,80000000,69772969,147080413,216853382,136853382
2924,Sydney White,16500000,11892415,13636339,25528754,9028754
1132,Syriana,50000000,50824620,92690959,143515579,93515579
2839,T2: Trainspotting,18000000,2402004,42091262,44493266,26493266
1656,TMNT,35000000,54149098,96096018,150245116,115245116
3977,Ta Ra Rum Pum,7400000,872643,9443864,10316507,2916507
4344,Table 19,5000000,3614896,4620399,8235295,3235295
5657,Tadpole,150000,2891288,3270128,6161416,6011416
3334,Tae Guik Gi: The Brotherhood of War,12500000,1110186,69826708,70936894,58436894
2049,Tag,28000000,54730625,77026186,131756811,103756811
4408,Take Shelter,4750000,1728953,4972016,6700969,1950969
1926,Take the Lead,30000000,34742066,65390493,100132559,70132559
2165,Taken,25000000,145000989,226941585,371942574,346942574
1253,Taken 2,45000000,139854287,377807404,517661691,472661691
1217,Taken 3,48000000,89256424,327656424,416912848,368912848
1794,Takers,32000000,57744720,70587268,128331988,96331988
3386,Tales from the Crypt: Demon Knight,12000000,21089146,21089146,42178292,30178292
4143,Tales from the Hood,6000000,11784569,11784569,23569138,17569138
4514,Talk Radio,4000000,3468572,3468572,6937144,2937144
675,Talladega Nights: The Ballad of Ricky Bobby,73000000,148213377,162870525,311083902,238083902
2502,Tammy,20000000,84525432,96407655,180933087,160933087
14,Tangled,260000000,200821936,586477240,787299176,527299176
4436,Tango,4500000,1687311,5428387,7115698,2615698
1011,Tango & Cash,55000000,63408614,63408614,126817228,71817228
3184,Taps,14000000,35856053,35856053,71712106,57712106
5512,Tarnation,400000,592014,1162014,1754028,1354028
199,Tarzan,145000000,171091819,448191819,619283638,474283638
4541,Tau ming chong,4000000,129078,38899792,39028870,35028870
2864,Taxi 4,17500000,0,60865364,60865364,43365364
5214,Taxi Driver,1000000,28262574,28316211,56578785,55578785
3201,Tea with Mussolini,14000000,14395874,14395874,28791748,14791748
3653,Teacher's Pet: The Movie,10000000,6491969,6491969,12983938,2983938
2558,Team America: World Police,20000000,32774834,50948811,83723645,63723645
655,Tears of the Sun,75000000,43632458,85632458,129264916,54264916
1083,Ted,50000000,218665740,556016627,774682367,724682367
754,Ted 2,68000000,81476385,217214143,298690528,230690528
3583,Teen Titans Go! To The Movies,10000000,29790236,51620593,81410829,71410829
4699,Teen Wolf Too,3000000,7888000,7888000,15776000,12776000
3232,Teenage Mutant Ninja Turtles,13500000,135265915,202000000,337265915,323765915
2177,Teenage Mutant Ninja Turtles II: The Secret of the Ooze,25000000,78656813,78656813,157313626,132313626
2464,Teenage Mutant Ninja Turtles III,21000000,42273609,42273609,84547218,63547218
231,Teenage Mutant Ninja Turtles: Out of the Shadows,135000000,82051601,245328374,327379975,192379975
4947,Teeth,2000000,347578,2350641,2698219,698219
364,Terminator 2: Judgment Day,100000000,203464105,515419827,718883932,618883932
119,Terminator 3: Rise of the Machines,170000000,150358296,433058296,583416592,413416592
60,Terminator Salvation,200000000,125322469,365491792,490814261,290814261
148,Terminator: Genisys,155000000,89760956,432150894,521911850,366911850
4605,Terror Train,3500000,8000000,8000000,16000000,12500000
2554,Texas Chainsaw 3D,20000000,34341945,47666013,82007958,62007958
3956,Thank You For Smoking,7500000,24793509,40016662,64810171,57310171
3877,That Awkward Moment,8000000,26068955,53068955,79137910,71137910
4815,That Thing You Do!,2500000,25857416,34557416,60414832,57914832
970,That's My Boy,57500000,36931089,58085235,95016324,37516324
1922,The 15:17 to Paris,30000000,36276286,56096200,92372486,62372486
2277,The 33,25000000,12227722,28400715,40628437,15628437
2121,The 40 Year-old Virgin,26000000,109449237,177344230,286793467,260793467
1568,The 5th Wave,38000000,34912982,111336398,146249380,108249380
534,The 6th Day,82000000,34543701,96024898,130568599,48568599
331,The A-Team,110000000,77222099,177241171,254463270,144463270
722,The Abyss,70000000,54243125,54243125,108486250,38486250
1399,The Accountant,40000000,86260045,152962083,239222128,199222128
5265,The Act of Killing,1000000,486919,1227316,1714235,714235
1848,The Addams Family,30000000,113502246,191502246,305004492,275004492
1080,The Adjustment Bureau,50200000,62495645,126931325,189426970,139226970
2896,The Adventures of Elmo in Grouchland,17000000,11634458,11634458,23268916,6268916
4089,The Adventures of Huck Finn,6500000,24103594,24103594,48207188,41707188
2263,The Adventures of Pinocchio,25000000,15382170,36682170,52064340,27064340
1151,The Adventures of Sharkboy and Lavagirl in 3-D,50000000,39177684,69425966,108603650,58603650
251,The Adventures of Tintin,130000000,77591831,373993951,451585782,321585782
1907,The Age of Adaline,30000000,42629776,68984536,111614312,81614312
1761,The Age of Innocence,34000000,32014993,32014993,64029986,30029986
30,The Amazing Spider-Man,220000000,262030663,757890267,1019920930,799920930
55,The Amazing Spider-Man 2,200000000,202853933,708996336,911850269,711850269
2550,The American,20000000,35606376,67950723,103557099,83557099
831,The American President,62000000,60022813,107822813,167845626,105845626
2757,The Amityville Horror,18500000,65233369,109175673,174409042,155909042
4092,The Andromeda Strain,6500000,12376563,12376563,24753126,18253126
676,The Angry Birds Movie,73000000,107509366,352327887,459837253,386837253
2411,The Animal,22000000,55762229,55762229,111524458,89524458
1295,The Ant Bully,45000000,28142535,49610898,77753433,32753433
4680,The Apartment,3000000,18600000,24600000,43200000,40200000
4285,The Apostle,5000000,20733485,21277770,42011255,37011255
1475,The Art of War,40000000,30199105,30199105,60398210,20398210
2933,The Artist,16000000,44667095,128256712,172923807,156923807
4419,The Assassination of Richard Nixon,4600000,708776,4880143,5588919,988919
3283,The Astronaut Farmer,13000000,11003643,11141213,22144856,9144856
934,The Avengers,60000000,23385416,48585416,71970832,11970832
326,The Aviator,110000000,102608827,208370892,310979719,200979719
4403,The Awakening,4900000,95933,6924321,7020254,2120254
216,The BFG,140000000,55483770,199646680,255130450,115130450
4940,The Babadook,2000000,950792,7482387,8433179,6433179
2473,The Bachelor,21000000,21731001,36882378,58613379,37613379
1674,The Back-up Plan,35000000,37490007,75281179,112771186,77771186
1684,The Bad News Bears,35000000,32868349,33500620,66368969,31368969
4580,The Ballad of Cable Hogue,3716946,3500000,5000000,8500000,4783054
5130,The Ballad of Gregorio Cortez,1305000,909000,909000,1818000,513000
5085,The Ballad of Jack and Rose,1500000,712294,1126258,1838552,338552
3580,The Banger Sisters,10000000,30306281,38067218,68373499,58373499
2567,The Bank Job,20000000,30060660,66143005,96203665,76203665
5271,The Battle of Shaker Heights,1000000,280351,839145,1119496,119496
1150,The Beach,50000000,39778599,39778599,79557198,29557198
5611,"The Beast from 20,000 Fathoms",210000,5000000,5000000,10000000,9790000
4317,The Beastmaster,5000000,10751126,10751126,21502252,16502252
5088,The Believer,1500000,406035,1840248,2246283,746283
4320,The Belko Experiment,5000000,10166820,11792942,21959762,16959762
1651,The Benchwarmers,35000000,59843754,65063726,124907480,89907480
3554,The Best Exotic Marigold Hotel,10000000,46383639,134639780,181023419,171023419
2483,The Best Little Whorehouse in Texas,20500000,69701637,69701637,139403274,118903274
3775,The Best Man,9000000,34102780,34572780,68675560,59675560
2872,The Best Man Holiday,17000000,70525195,72835710,143360905,126360905
4877,The Best Years of Our Lives,2100000,23600000,23600000,47200000,45100000
3633,The Best of Enemies,10000000,10205616,10205616,20411232,10411232
2141,The Best of Me,26000000,26766213,41059418,67825631,41825631
2206,The Beverly Hillbillies,25000000,42222647,55598481,97821128,72821128
3266,The Big Hit,13000000,27066941,27066941,54133882,41133882
3074,The Big Lebowski,15000000,17498804,46189568,63688372,48688372
5606,The Big Parade,245000,11000000,22000000,33000000,32755000
2041,The Big Short,28000000,70259870,133162752,203422622,175422622
4263,The Big Sick,5000000,42872467,53972860,96845327,91845327
1786,The Big Wedding,32500000,21819348,48425971,70245319,37745319
5677,The Birth of a Nation,110000,10000000,11000000,21000000,20890000
935,The Black Dahlia,60000000,22672813,49238525,71911338,11911338
2549,The Black Hole,20000000,35841901,35841901,71683802,51683802
4790,The Black Stallion,2700000,37799643,37799643,75599286,72899286
5406,The Blair Witch Project,600000,140539099,248300000,388839099,388239099
1625,The Blind Side,35000000,255959475,305705794,561665269,526665269
5170,The Blue Bird,1200000,887000,887000,1774000,574000
4425,The Blue Lagoon,4500000,47923795,47923795,95847590,91347590
2094,The Blues Brothers,27000000,57229890,57229890,114459780,87459780
2167,The Bodyguard,25000000,121945720,410899039,532844759,507844759
1220,The Bone Collector,48000000,66488090,151463090,217951180,169951180
2740,The Book Thief,19000000,21488481,76086711,97575192,78575192
563,The Book of Eli,80000000,94835059,158750817,253585876,173585876
1134,The Book of Life,50000000,50151543,97651543,147803086,97803086
4932,"The Book of Mormon Movie, Volume 1: The Journey",2000000,1660865,1660865,3321730,1321730
3895,The Boondock Saints 2: All Saints Day,8000000,10273187,10629320,20902507,12902507
2022,The Borrowers,29000000,22619589,54045832,76665421,47665421
2016,The Boss,29000000,63077560,78652207,141729767,112729767
270,The Boss Baby,125000000,175003033,510878762,685881795,560881795
1272,The Bounty Hunter,45000000,67061228,135808837,202870065,157870065
850,The Bourne Identity,60000000,121468960,214357371,335826331,275826331
275,The Bourne Legacy,125000000,113203870,280355920,393559790,268559790
490,The Bourne Supremacy,85000000,176087450,311001124,487088574,402088574
239,The Bourne Ultimatum,130000000,227471070,444043396,671514466,541514466
2265,The Box,25000000,15051977,34356760,49408737,24408737
893,The Boxtrolls,60000000,50837305,111946251,162783556,102783556
3567,The Boy,10000000,35819556,68220952,104040508,94040508
4480,The Boy Next Door,4000000,36006065,53401938,89408003,85408003
3324,The Boy in the Striped Pyjamas,12500000,9046156,44083403,53129559,40629559
3387,The Boys from Brazil,12000000,19000000,19000000,38000000,26000000
731,The Brave One,70000000,36793804,69792704,106586508,36586508
1068,The Break-Up,52000000,118703275,205727307,324430582,272430582
4670,The Bridge on the River Kwai,3000000,33300000,33300000,66600000,63600000
2409,The Bridges of Madison County,22000000,71516617,175516617,247033234,225033234
5524,The Broadway Melody,379000,2800000,4358000,7158000,6779000
5246,The Broken Hearts Club: A Romantic Comedy,1000000,1744858,2022442,3767300,2767300
4122,The Brothers,6000000,27457409,27958191,55415600,49415600
589,The Brothers Grimm,80000000,37899638,105299638,143199276,63199276
1738,The Brothers Grimsby,35000000,6864016,28720470,35584486,584486
5715,The Brothers McMullen,50000,10426506,10426506,20853012,20803012
1261,The Bucket List,45000000,93466502,174807445,268273947,223273947
5624,The Business of Fancy Dancing,200000,174682,174682,349364,149364
3251,The Butterfly Effect,13000000,57924679,95638592,153563271,140563271
3976,The Bye Bye Man,7400000,22395806,31187727,53583533,46183533
1910,The Cabin in the Woods,30000000,42073277,70689968,112763245,82763245
1234,The Cable Guy,47000000,60240295,102825796,163066091,116066091
3313,The Call,12800000,51872378,69821476,121693854,108893854
417,The Campaign,95000000,86907746,104907746,191815492,96815492
343,The Cat in the Hat,109000000,101018283,133818283,234836566,125836566
1967,The Cave,30000000,15007991,27147991,42155982,12155982
1649,The Cell,35000000,61280963,85911226,147192189,112192189
1071,The Change-Up,52000000,37243418,75997067,113240485,61240485
29,The Chronicles of Narnia: Prince Caspian,225000000,141621490,417341288,558962778,333962778
82,"The Chronicles of Narnia: The Lion, the Witch and the Wardrobe",180000000,291710957,720539572,1012250529,832250529
147,The Chronicles of Narnia: The Voyage of the Dawn Treader,155000000,104386950,418186950,522573900,367573900
296,The Chronicles of Riddick,120000000,57712751,107212751,164925502,44925502
2803,The Circle,18000000,20497844,40651864,61149708,43149708
1262,The Client,45000000,92115211,117615211,209730422,164730422
2677,The Cold Light of Day,20000000,3763583,25361206,29124789,9124789
3651,The Collection,10000000,6810754,8890094,15700848,5700848
4700,The Collector,3000000,7712114,10473836,18185950,15185950
3004,The Color Purple,15000000,93589701,93589701,187179402,172179402
3549,The Color of Money,10000000,52293000,52293000,104586000,94586000
1461,The Commuter,40000000,36343858,101985431,138329289,98329289
2492,The Conjuring,20000000,137400141,318000141,455400282,435400282
1389,The Conjuring 2: The Enfield Poltergeist,40000000,102470008,311262102,413732110,373732110
2279,The Conspirator,25000000,11538204,15907411,27445615,2445615
2157,The Constant Gardener,25500000,33579798,86301599,119881397,94381397
3782,The Contender,9000000,17804273,17804273,35608546,26608546
5052,The Conversation,1600000,4420000,4420000,8840000,7240000
2961,The Cookout,16000000,11540112,11540112,23080224,7080224
4502,The Cooler,4000000,8291572,11131455,19423027,15423027
522,The Core,85000000,31111260,74132631,105243891,20243891
3619,The Corruptor,10000000,15164492,15164492,30328984,20328984
1229,The Cotton Club,48000000,25928721,25928721,51857442,3857442
2257,The Counselor,25000000,16973715,71009334,87983049,62983049
1431,The Count of Monte Cristo,40000000,54228104,75389090,129617194,89617194
2609,The Country Bears,20000000,16988996,16988996,33977992,13977992
2582,The Covenant,20000000,23364784,38164784,61529568,41529568
3061,The Craft,15000000,24769466,55669466,80438932,65438932
2735,The Crazies,19000000,39123589,56445534,95569123,76569123
2387,The Crew,23000000,13019253,13019253,26038506,3038506
3316,The Crocodile Hunter: Collision Course,12500000,28436931,33436931,61873862,49373862
225,The Croods,135000000,187168425,573068425,760236850,625236850
4477,The Crying Game,4000000,62546695,62546695,125093390,121093390
142,The Curious Case of Benjamin Button,160000000,127509326,329631958,457141284,297141284
3832,The DUFF,8500000,34030343,43528634,77558977,69058977
264,The Da Vinci Code,125000000,217536138,767820459,985356597,860356597
3100,The Dark Half,15000000,9579068,9579068,19158136,4158136
74,The Dark Knight,185000000,533720947,1001996207,1535717154,1350717154
10,The Dark Knight Rises,275000000,448139099,1084439099,1532578198,1257578198
894,The Dark Tower,60000000,50701325,113461527,164162852,104162852
1757,The Darkest Hour,34800000,21443494,62831715,84275209,49475209
1763,The Darkest Minds,34000000,12695691,38361428,51057119,17057119
4497,The Darkness,4000000,10753574,10898293,21651867,17651867
269,The Day After Tomorrow,125000000,186740799,556319450,743060249,618060249
571,The Day the Earth Stood Still,80000000,79366978,237370350,316737328,236737328
3601,The Dead Zone,10000000,20766000,20766000,41532000,31532000
2564,The Debt,20000000,31177548,46604054,77781602,57781602
4697,The Deep End,3000000,8823109,9981635,18804744,15804744
3019,The Deer Hunter,15000000,50000000,50009253,100009253,85009253
446,The Departed,90000000,132384315,289660619,422044934,332044934
2504,The Descendants,20000000,82624961,175507800,258132761,238132761
4000,The Descent,7000000,26024456,57051053,83075509,76075509
5211,The Devil Inside,1000000,53262945,101759490,155022435,154022435
1632,The Devil Wears Prada,35000000,124740460,326073155,450813615,415813615
473,The Devil's Own,90000000,42885593,140900000,183785593,93785593
4011,The Devil's Rejects,7000000,17044981,20940428,37985409,30985409
4934,The Diary of a Teenage Girl,2000000,1477002,2279959,3756961,1756961
795,The Dictator,65000000,59650222,180148897,239799119,174799119
724,The Dilemma,70000000,48475290,70546865,119022155,49022155
5096,The Disappearance of Alice Creed,1500000,166980,1605139,1772119,272119
3599,The Disaster Artist,10000000,21120616,28717667,49838283,39838283
333,The Divergent Series: Allegiant,110000000,66184051,172022517,238206568,128206568
321,The Divergent Series: Insurgent,110000000,130179072,295075882,425254954,315254954
2092,The Divine Secrets of the Ya-Ya Sisterhood,27000000,69586544,73826768,143413312,116413312
1463,The Doors,40000000,34416893,34416893,68833786,28833786
3456,The Dressmaker,11900000,2022115,24041617,26063732,14163732
3315,The Drop,12600000,10724389,19054534,29778923,17178923
2105,The Duchess,27000000,13848978,45160110,59009088,32009088
1056,The Dukes of Hazzard,53000000,80270227,109848461,190118688,137118688
2249,The Eagle,25000000,19490041,38993548,58483589,33483589
3785,The Edge of Seventeen,9000000,14431633,19096003,33527636,24527636
4298,The Egyptian,5000000,15000000,15000000,30000000,25000000
4274,The Elephant Man,5000000,26010864,26010864,52021728,47021728
1106,The Emoji Movie,50000000,86089513,216562312,302651825,252651825
3320,The Emperor's Club,12500000,14060950,16193713,30254663,17754663
379,The Emperor's New Groove,100000000,89296573,169296573,258593146,158593146
1641,The English Patient,35000000,78716374,231710008,310426382,275426382
995,The Equalizer,55000000,101530738,192903624,294434362,239434362
620,The Equalizer 2,77000000,102084362,190453132,292537494,215537494
5525,The Evil Dead,375000,2400000,29400000,31800000,31425000
2770,The Exorcism of Emily Rose,18000000,75072454,144529078,219601532,201601532
3341,The Exorcist,12000000,230347346,428214478,658561824,646561824
533,The Expendables,82000000,103068524,268268174,371336698,289336698
380,The Expendables 2,100000000,85028192,311979256,397007448,297007448
395,The Expendables 3,100000000,39322544,209461378,248783922,148783922
5730,The Exploding Girl,40000,25572,25572,51144,11144
3370,The Eye,12000000,31418697,57577765,88996462,76996462
3029,The Faculty,15000000,40283321,40283321,80566642,65566642
1921,The Family,30000000,36918811,51078541,87997352,57997352
869,The Family Man,60000000,75764085,124715863,200479948,140479948
2773,The Family Stone,18000000,60062868,92357499,152420367,134420367
1553,The Fast and the Furious,38000000,144512310,206512310,351024620,313024620
508,The Fast and the Furious: Tokyo Drift,85000000,62615510,157794205,220409715,135409715
22,The Fate of the Furious,250000000,225764765,1234846267,1460611032,1210611032
3342,The Fault in Our Stars,12000000,124872350,307166834,432039184,420039184
3038,The Favourite,15000000,34366783,94113929,128480712,113480712
419,The Fifth Element,95000000,63570862,263898761,327469623,232469623
3467,The Fighter,11000000,93617009,129262388,222879397,211879397
1418,The Final Destination,40000000,66477700,187384627,253862327,213862327
735,The Finest Hours,70000000,27569558,49252761,76822319,6822319
1342,The Firm,42000000,158340892,270340892,428681784,386681784
3248,The First Purge,13000000,69488745,136617305,206106050,193106050
1852,The First Wives Club,30000000,105489203,181489203,286978406,256978406
2341,The Fisher King,24000000,41798224,41798224,83596448,59596448
5650,The Fits,170000,166425,169242,335667,165667
1936,The Five-Year Engagement,30000000,28700285,61623819,90324104,60324104
1254,The Flintstones,45000000,130531208,358500000,489031208,444031208
963,The Flintstones in Viva Rock Vegas,58000000,35231365,59431365,94662730,36662730
4910,The Florida Project,2000000,5904366,11295324,17199690,15199690
5192,The Fog,1100000,21445318,21445820,42891138,41791138
5700,The Foot Fist Way,79000,234286,234286,468572,389572
1017,The Forbidden Kingdom,55000000,52075270,129075270,181150540,126150540
1680,The Foreigner,35000000,34393507,140783360,175176867,140176867
3591,The Forest,10000000,26594261,40749230,67343491,57343491
1120,The Forgotten,50000000,66711892,117211892,183923784,133923784
4327,The Forsaken,5000000,6755271,6755271,13510542,8510542
3089,The Founder,15000000,12786053,24403192,37189245,22189245
1715,The Four Feathers,35000000,18306166,29882645,48188811,13188811
4087,The Four Seasons,6500000,42488161,42488161,84976322,78476322
3592,The Fourth Kind,10000000,26218170,49486874,75705044,65705044
4870,The French Connection,2200000,41158757,41158757,82317514,80117514
4490,The Front Page,4000000,15000000,15000000,30000000,26000000
1327,The Fugitive,44000000,183875760,353715317,537591077,493591077
4589,The Full Monty,3500000,45950122,261249383,307199505,303699505
5261,The Future,1000000,568662,1239174,1807836,807836
5679,The Gallows,100000,22764410,41656474,64420884,64320884
1137,The Game,50000000,48265581,80369970,128635551,78635551
2407,The Game Plan,22000000,90648202,146590987,237239189,215239189
5077,The Gatekeepers,1500000,2408553,2592308,5000861,3500861
855,The General's Daughter,60000000,102705852,149705852,252411704,192411704
1310,The Ghost Writer,45000000,15541549,65532491,81074040,36074040
1024,The Ghost and the Darkness,55000000,38564422,38564422,77128844,22128844
3627,The Gift,10000000,12008642,44567606,56576248,46576248
2268,The Girl Next Door,25000000,14589444,31635150,46224594,21224594
1339,The Girl in the Spiderâs Web,43000000,14828555,34983342,49811897,6811897
1267,The Girl on the Train,45000000,75395035,174278214,249673249,204673249
450,The Girl with the Dragon Tattoo,90000000,102515793,239373970,341889763,251889763
5134,The Girlfriend Experience,1300000,695840,1005840,1701680,401680
2201,The Giver,25000000,45090374,66540205,111630579,86630579
2432,The Glass House,22000000,17951431,22861785,40813216,18813216
1303,The Glimmer Man,45000000,20404841,36404841,56809682,11809682
3986,The Godfather,7000000,134966411,268500000,403466411,396466411
3252,The Godfather: Part II,13000000,57300000,57300000,114600000,101600000
1052,The Godfather: Part III,54000000,66520529,66520529,133041058,79041058
3346,The Golden Child,12000000,79817937,79817937,159635874,147635874
40,The Golden Compass,205000000,70107728,367262558,437370286,232370286
72,The Good Dinosaur,187500000,123087120,333771037,456858157,269358157
3893,The Good Girl,8000000,14018296,16585503,30603799,22603799
3620,"The Goods: Live Hard, Sell Hard",10000000,15122676,15297318,30419994,20419994
5617,The Grace Card,200000,2430735,2430735,4861470,4661470
1826,The Grand Budapest Hotel,31000000,59076019,163981261,223057280,192057280
3048,The Great Debaters,15000000,30226144,30261293,60487437,45487437
4495,The Great Escape,4000000,11744471,11972561,23717032,19717032
69,The Great Gatsby,190000000,144840419,351040419,495880838,305880838
191,The Great Wall,150000000,45157105,334486852,379643957,229643957
2264,The Greatest Game Ever Played,25000000,15331289,15468266,30799555,5799555
4481,The Greatest Show on Earth,4000000,36000000,36000000,72000000,68000000
524,The Greatest Showman,84000000,174340174,386665550,561005724,477005724
2617,The Greatest Story Ever Told,20000000,15473333,15473333,30946666,10946666
328,The Green Hornet,110000000,98780042,229155503,327935545,217935545
5230,The Green Inferno,1000000,7192291,12931420,20123711,19123711
847,The Green Mile,60000000,136801374,290701374,427502748,367502748
2194,The Grey,25000000,51580136,81249176,132829312,107829312
3537,The Grudge,10000000,110359362,187281115,297640477,287640477
2541,The Grudge 2,20000000,39143839,70743839,109887678,89887678
4153,The Guard,6000000,5359774,21197454,26557228,20557228
721,The Guardian,70000000,55011732,94973540,149985272,79985272
1458,The Guilt Trip,40000000,37134215,41294674,78428889,38428889
3503,The Guru,11000000,3051221,24150550,27201771,16201771
5349,The Hammer,850000,442638,442638,885276,35276
1624,The Hangover,35000000,277322503,465764086,743086589,708086589
356,The Hangover 3,103000000,112200072,362000072,474200144,371200144
538,The Hangover Part II,80000000,254464305,586464305,840928610,760928610
878,The Happening,60000000,64506874,162778384,227285258,167285258
4774,The Harvey Girls,2931000,4100000,4100000,8200000,5269000
2377,The Hate U Give,23000000,29719483,35067665,64787148,41787148
832,The Hateful Eight,62000000,54117416,147864886,201982302,139982302
460,The Haunted Mansion,90000000,75817994,155750628,231568622,141568622
565,The Haunting,80000000,91188905,180188905,271377810,191377810
4306,The Haunting of Molly Hartley,5000000,13442412,15318257,28760669,23760669
1334,The Heat,43000000,159581587,229727774,389309361,346309361
2162,The Help,25000000,169705587,213120004,382825591,357825591
2881,The Hills Have Eyes,17000000,41778863,70355813,112134676,95134676
3068,The Hills Have Eyes II,15000000,20804166,37466538,58270704,43270704
4582,The History Boys,3700000,2730296,13447998,16178294,12478294
1284,The Hitchhiker's Guide to the Galaxy,45000000,51019112,102746214,153765326,108765326
1864,The Hitmanâs Bodyguard,30000000,75468583,172778667,248247250,218247250
18,The Hobbit: An Unexpected Journey,250000000,303003568,1017003568,1320007136,1070007136
21,The Hobbit: The Battle of the Five Armies,250000000,255119788,945577621,1200697409,950697409
20,The Hobbit: The Desolation of Smaug,250000000,258366855,960366855,1218733710,968733710
3972,The Hole,7500000,0,10834406,10834406,3334406
507,The Holiday,85000000,63280000,205190324,268470324,183470324
5121,The Holy Girl,1400000,304124,1261792,1565916,165916
5653,The Horse Boy,160000,156612,156612,313224,153224
872,The Horse Whisperer,60000000,75383563,186883563,262267126,202267126
1167,The Host,50000000,26623701,64477051,91100752,41100752
3962,The Hotel New Hampshire,7500000,5142858,5142858,10285716,2785716
2207,The Hours,25000000,41675994,97030468,138706462,113706462
1485,The House,40000000,25584504,31192425,56776929,16776929
2197,The House Bunny,25000000,48237389,71390601,119627990,94627990
1415,The House with a Clock in its Walls,40000000,68549695,126331750,194881445,154881445
5218,The Howling,1000000,17985000,17985000,35970000,34970000
378,The Hunchback of Notre Dame,100000000,100138851,325500000,425638851,325638851
2412,The Hundred-Foot Journey,22000000,54235441,94270488,148505929,126505929
537,The Hunger Games,80000000,408010692,677923379,1085934071,1005934071
237,The Hunger Games: Catching Fire,130000000,424668047,864868047,1289536094,1159536094
261,The Hunger Games: Mockingjay - Part 1,125000000,337135885,766575131,1103711016,978711016
138,The Hunger Games: Mockingjay - Part 2,160000000,281723902,648986787,930710689,770710689
1843,The Hunt for Red October,30000000,120709866,200500000,321209866,291209866
1027,The Hunted,55000000,34234008,47213095,81447103,26447103
309,The Huntsman: Winterâs War,115000000,48003015,165149302,213152317,98152317
1564,The Hurricane,38000000,50699241,73956241,124655482,86655482
3076,The Hurt Locker,15000000,17017811,49894223,66912034,51912034
4903,The Hustler,2000000,7600000,7600000,15200000,13200000
3787,The Ice Pirates,9000000,13075390,13075390,26150780,17150780
2820,The Ice Storm,18000000,8038061,16011975,24050036,6050036
2375,The Ides of March,23000000,40962534,77735925,118698459,95698459
2921,The Illusionist,16500000,39868642,83792062,123660704,107160704
1984,The Imaginarium of Doctor Parnassus,30000000,7689607,64352607,72042214,42042214
3005,The Imitation Game,15000000,91125143,227740463,318865606,303865606
3108,The Importance of Being Earnest,15000000,8378141,8378141,16756282,1756282
1499,The Impossible,40000000,19019882,169590606,188610488,148610488
4205,The Inbetweeners,5700000,35955,86051320,86087275,80387275
1806,The Incredible Burt Wonderstone,32000000,22537881,27392609,49930490,17930490
221,The Incredible Hulk,137500000,134806913,265573859,400380772,262880772
432,The Incredibles,92000000,261441092,614726752,876167844,784167844
5574,The Incredibly True Adventure of Two Girls in Love,250000,2210408,2477155,4687563,4437563
1293,The Indian in the Cupboard,45000000,35627222,35627222,71254444,26254444
2419,The Informant!,22000000,33316821,41771168,75087989,53087989
3897,The Inkwell,8000000,8864699,8864699,17729398,9729398
5377,The Innkeepers,750000,78396,1011535,1089931,339931
760,The Insider,68000000,28965197,60265197,89230394,21230394
1405,The Intern,40000000,75764672,197115710,272880382,232880382
1171,The International,50000000,25450527,53850527,79301054,29301054
962,The Internship,58000000,44672764,93672764,138345528,80345528
462,The Interpreter,90000000,72708161,162753837,235461998,145461998
3871,The Intruder,8000000,35095904,36005871,71101775,63101775
2759,The Invention of Lying,18500000,18451251,32679264,51130515,32630515
1175,The Iron Giant,50000000,23159305,31333917,54493222,4493222
3189,The Iron Lady,14000000,29959436,115592104,145551540,131551540
299,The Island,120000000,35818913,163018913,198837826,78837826
1481,The Island of Dr. Moreau,40000000,27682712,27682712,55365424,15365424
853,The Italian Job,60000000,106126012,176262839,282388851,222388851
889,The Jackal,60000000,54956941,159356941,214313882,154313882
4505,The Jerky Boys,4000000,7555256,7555256,15110512,11110512
1140,The Judge,50000000,47119388,76119388,123238776,73238776
2095,The Jungle Book,27000000,44342956,44342956,88685912,61685912
2528,The Jungle Book 2,20000000,47901582,140122225,188023807,168023807
1331,The Juror,44000000,22730924,22730924,45461848,1461848
3862,The Karate Kid,8000000,90815558,90815558,181631116,173631116
5408,The Kentucky Fried Movie,600000,15000000,20000000,35000000,34400000
793,The Kid,65000000,69688384,69688384,139376768,74376768
4486,The Kids Are All Right,4000000,20811365,36275469,57086834,53086834
682,The Kingdom,72500000,47467250,86509602,133976852,61476852
2996,The Kingâs Speech,15000000,138797449,430821168,569618617,554618617
2614,The Kite Runner,20000000,15800078,74180745,89980823,69980823
407,The LEGO Movie 2: The Second Part,99000000,105806508,190325698,296132206,197132206
3491,The Ladies Man,11000000,13592872,13719474,27312346,16312346
4146,The Lady in the Van,6000000,10021175,42320503,52341678,46341678
1670,The Ladykillers,35000000,39692139,77392139,117084278,82084278
1433,The Lake House,40000000,52330111,114830111,167160222,127160222
3339,The Land Before Time,12300000,48092846,81972846,130065692,117765692
182,The Last Airbender,150000000,131772187,319713881,451486068,301486068
3573,The Last Dragon,10000000,33000000,33000000,66000000,56000000
2204,The Last Emperor,25000000,43984987,44005073,87990060,62990060
5014,The Last Exorcism,1800000,41034350,70165900,111200250,109400250
4489,The Last Exorcism Part II,4000000,15179303,25448707,40628010,36628010
3043,The Last House on the Left,15000000,32752215,46526243,79278458,64278458
4133,The Last King of Scotland,6000000,17606684,49155371,66762055,60762055
213,The Last Samurai,140000000,111110575,456810575,567921150,427921150
2514,The Last Song,20000000,62950384,92678948,155629332,135629332
1973,The Last Stand,30000000,12050299,48330757,60381056,30381056
2824,The Last Station,18000000,6617867,15696146,22314013,4314013
4025,The Last Temptation of Christ,7000000,8373585,8373585,16747170,9747170
5733,The Last Waltz,35000,321952,322563,644515,609515
595,The Last Witch Hunter,80000000,27367660,130818912,158186572,78186572
1406,The Last of the Mohicans,40000000,75505856,75505856,151011712,111011712
3575,The Lawnmower Man,10000000,32100816,32100816,64201632,54201632
4275,The Lazarus Effect,5000000,25801570,38359310,64160880,59160880
615,The League of Extraordinary Gentlemen,78000000,66465204,179265204,245730408,167730408
926,The Legend of Bagger Vance,60000000,30695227,39235486,69930713,9930713
3630,The Legend of Drunken Master,10000000,11546543,11546543,23093086,13093086
5736,The Legend of God's Gun,30000,243768,243768,487536,457536
741,The Legend of Hercules,70000000,18848538,58953319,77801857,7801857
87,The Legend of Tarzan,180000000,126643061,348902025,475545086,295545086
585,The Legend of Zorro,80000000,45575336,141475336,187050672,107050672
2817,The Legend of the Lone Ranger,18000000,13400000,13400000,26800000,8800000
540,The Lego Batman Movie,80000000,175750384,310660018,486410402,406410402
843,The Lego Movie,60000000,257784718,457729388,715514106,655514106
719,The Lego Ninjago Movie,70000000,59281555,122737201,182018756,112018756
1174,The Life Aquatic with Steve Zissou,50000000,24006726,34806726,58813452,8813452
2633,The Light Between Oceans,20000000,12545979,22281732,34827711,14827711
1424,The Lincoln Lawyer,40000000,58009200,87145086,145154286,105154286
608,The Lion King,79300000,421785283,986214868,1408000151,1328700151
618,The Little Prince,77500000,1311213,102028919,103340132,25840132
2437,The Little Vampire,22000000,13555988,13555988,27111976,5111976
1436,The Living Daylights,40000000,51185000,191200000,242385000,202385000
3026,The Lizzie McGuire Movie,15000000,42734455,55534455,98268910,83268910
4431,The Lobster,4500000,9196278,18019834,27216112,22716112
12,The Lone Ranger,275000000,89302115,260002115,349304230,74304230
807,The Long Kiss Goodnight,65000000,33447612,33447612,66895224,1895224
3618,The Long Riders,10000000,15198912,15198912,30397824,20397824
3558,The Longest Day,10000000,39100000,50100000,89200000,79200000
1760,The Longest Ride,34000000,37446117,63802928,101249045,67249045
532,The Longest Yard,82000000,158119460,191558505,349677965,267677965
2390,The Longshots,23000000,11511323,11778396,23289719,289719
342,The Lord of the Rings: The Fellowship of the Ring,109000000,315544750,887210985,1202755735,1093755735
425,The Lord of the Rings: The Return of the King,94000000,377845905,1141403341,1519249246,1425249246
426,The Lord of the Rings: The Two Towers,94000000,342548984,934699645,1277248629,1183248629
5083,The Lords of Salem,1500000,1165881,1541131,2707012,1207012
2243,The Losers,25000000,23591432,29863840,53455272,28455272
3834,The Lost Boys,8500000,32222567,32222567,64445134,55945134
5687,The Lost Skeleton of Cadavra,100000,110536,110536,221072,121072
5148,The Lost Weekend,1250000,11000000,11000000,22000000,20750000
630,The Lost World: Jurassic Park,75000000,229086679,618638999,847725678,772725678
833,The Love Guru,62000000,32235793,40159017,72394810,10394810
421,The Lovely Bones,95000000,44114232,94894448,139008680,44008680
2186,The Lucky One,25000000,60457138,96633833,157090971,132090971
5041,The Lunchbox,1700000,4231500,12231500,16463000,14763000
4356,The Machinist,5000000,1082044,8655397,9737441,4737441
454,The Magnificent Seven,90000000,93432655,162525156,255957811,165957811
4286,The Man From Snowy River,5000000,20659423,20659423,41318846,36318846
654,The Man From U.N.C.L.E.,75000000,45445109,104949584,150394693,75394693
3666,The Man Who Knew Infinity,10000000,3877922,12382122,16260044,6260044
2624,The Man Who Knew Too Little,20000000,13801755,13801755,27603510,7603510
4654,The Man Who Shot Liberty Valance,3200000,8000000,8000000,16000000,12800000
1653,The Man in the Iron Mask,35000000,56968169,56968169,113936338,78936338
4006,The Man with the Golden Gun,7000000,21000000,97600000,118600000,111600000
3078,The Man with the Iron Fists,15000000,15634090,22018988,37653078,22653078
578,The Manchurian Candidate,80000000,65948711,96148711,162097422,82097422
3072,The Marine,15000000,18844784,22165608,41010392,26010392
345,The Martian,108000000,228433663,655271443,883705106,775705106
2765,The Mask,18000000,119920129,351620129,471540258,453540258
786,The Mask of Zorro,65000000,93828745,233700000,327528745,262528745
1586,The Master,37500000,16247159,50647416,66894575,29394575
2935,The Master of Disguise,16000000,40363530,40363530,80727060,64727060
3625,The Matador,10000000,12589255,17300838,29890093,19890093
775,The Matrix,65000000,171479930,463517383,634997313,569997313
159,The Matrix Reloaded,150000000,281553689,738576929,1020130618,870130618
176,The Matrix Revolutions,150000000,139270910,427300260,566571170,416571170
1759,The Maze Runner,34000000,102427862,348319861,450747723,416747723
1341,The Mechanic,42500000,29121498,76347393,105468891,62968891
1372,The Medallion,41000000,22108977,22108977,44217954,3217954
4657,The Meddler,3200000,4267219,5526942,9794161,6594161
93,The Meg,178000000,145443742,529530715,674974457,496974457
2346,The Men Who Stare at Goats,24000000,32428195,67348218,99776413,75776413
2939,The Messengers,16000000,35374833,53774833,89149666,73149666
1417,The Mexican,40000000,66808615,145238250,212046865,172046865
5684,The Mighty,100000,2652246,6121582,8773828,8673828
3551,The Mighty Ducks,10000000,50752337,50752337,101504674,91504674
1353,The Mirror Has Two Faces,42000000,41267469,41267469,82534938,40534938
4503,The Misfits,4000000,8200000,8200000,16400000,12400000
810,The Missing,65000000,26900336,38253433,65153769,153769
3270,The Mist,13000000,25593755,57189408,82783163,69783163
713,The Monuments Men,70000000,78031620,158702748,236734368,166734368
925,The Mortal Instruments: City of Bones,60000000,31165421,75965567,107130988,47130988
1355,The Mothman Prophecies,42000000,35228696,56438555,91667251,49667251
1099,The Mule,50000000,103804407,170857676,274662083,224662083
64,The Mummy,195000000,80101125,409953905,490055030,295055030
409,The Mummy Returns,98000000,202007640,435040395,637048035,539048035
107,The Mummy: Tomb of the Dragon Emperor,175000000,102491776,405760225,508252001,333252001
3375,The Muppet Christmas Carol,12000000,27281507,27492918,54774425,42774425
3863,The Muppet Movie,8000000,76657000,76657000,153314000,145314000
1263,The Muppets,45000000,88625922,160971922,249597844,204597844
3093,The Muse,15000000,11614954,11614954,23229908,8229908
1482,The Musketeer,40000000,27053815,27053815,54107630,14107630
2369,The Naked Gun 2Â½: The Smell of Fear,23000000,86930411,86930411,173860822,150860822
3841,The Namesake,8500000,13610521,20288774,33899295,25399295
1672,The Nativity Story,35000000,37629831,46309644,83939475,48939475
1143,The Negotiator,50000000,44705766,49105766,93811532,43811532
2415,The Net,22000000,50621733,110521733,161143466,139143466
3263,The New Guy,13000000,28972187,28972187,57944374,44944374
1971,The New World,30000000,12712093,26184400,38896493,8896493
2266,The Next Best Thing,25000000,14983572,24355762,39339334,14339334
1948,The Next Three Days,30000000,21148651,67255916,88404567,58404567
1155,The Nice Guys,50000000,36261763,59596747,95858510,45858510
2205,The Night Before,25000000,43035725,52427346,95463071,70463071
4504,The Night Listener,4000000,7836393,10770993,18607386,14607386
1573,The Ninth Gate,38000000,18653746,58394308,77048054,39048054
1860,The Notebook,30000000,81001787,116025023,197026810,167026810
3060,The November Man,15000000,25018119,34820335,59838454,44838454
1802,The Number 23,32000000,35193167,77593167,112786334,80786334
4600,The Nun's Story,3500000,12800000,12800000,25600000,22100000
1871,The Nut Job,30000000,64251538,122529966,186781504,156781504
1480,The Nut Job 2: Nutty by Nature,40000000,28370522,57438389,85808911,45808911
234,The Nutcracker and the Four Realms,132900000,54858851,170293899,225152750,92252750
989,The Nutty Professor,55000000,128814019,273814019,402628038,347628038
3052,The Object of my Affection,15000000,29145924,29145924,58291848,43291848
1435,The Odd Life of Timothy Green,40000000,51853450,55249159,107102609,67102609
5197,The Offspring,1100000,1355728,1355728,2711456,1611456
3983,The Omega Code,7200000,12610552,12678312,25288864,18088864
2189,The Omen,25000000,54607383,119295584,173902967,148902967
1209,The One,49000000,43905746,72689126,116594872,67594872
4669,The Original Kings of Comedy,3000000,38168022,38236338,76404360,73404360
1484,The Other Boleyn Girl,40000000,26814957,78269970,105084927,65084927
373,The Other Guys,100000000,119219978,170936470,290156448,190156448
4033,The Other Side of Heaven,7000000,4720371,4720371,9440742,2440742
4348,The Other Side of the Door,5000000,3000342,12905107,15905449,10905449
1401,The Other Woman,40000000,83911193,195111193,279022386,239022386
2866,The Others,17000000,96522687,207765056,304287743,287287743
1479,The Out-of-Towners,40000000,28544120,28544120,57088240,17088240
3593,The Outsiders,10000000,25697647,25697647,51395294,41395294
5620,The Overnight,200000,1109808,1165996,2275804,2075804
3730,The Oxford Murders,10000000,4803,17704131,17708934,7708934
978,The Pacifier,56000000,113006880,198006880,311013760,255013760
2720,The Painted Veil,19400000,8060487,15118795,23179282,3779282
3901,The Pallbearer,8000000,5656388,5656388,11312776,3312776
2159,The Passion of the Christ,25000000,370782930,622341924,993124854,968124854
324,The Patriot,110000000,113330342,215300000,328630342,218630342
1147,The Peacemaker,50000000,41263140,62967368,104230508,54230508
406,The Peanuts Movie,99000000,130178411,250091610,380270021,281270021
1259,The Pelican Brief,45000000,100768056,187995859,288763915,243763915
2777,The Perfect Guy,18000000,57027435,60278166,117305601,99305601
3613,The Perfect Man,10000000,16535005,19535005,36070010,26070010
4321,The Perfect Match,5000000,9669521,10182050,19851571,14851571
284,The Perfect Storm,120000000,182618434,328711434,511329868,391329868
3276,The Perks of Being a Wallflower,13000000,17742948,33069303,50812251,37812251
1018,The Phantom of the Opera,55000000,51225796,153770052,204995848,149995848
1685,The Pianist,35000000,32519322,111854182,144373504,109373504
3991,The Piano,7000000,40157856,40168957,80326813,73326813
569,The Pink Panther,80000000,82226474,158926474,241152948,161152948
4581,The Pirate,3700000,2956000,2956000,5912000,2212000
3086,The Pirates Who Don't Do Anything: A VeggieTales Movie,15000000,12981269,13248444,26229713,11229713
1033,The Pirates! Band of Misfits,55000000,31051126,136143605,167194731,112194731
3066,The Place Beyond the Pines,15000000,21403519,47011449,68414968,53414968
3882,The Player,8000000,21706101,28876702,50582803,42582803
4280,The Players Club,5000000,23047939,23047939,46095878,41095878
1306,The Pledge,45000000,19719930,29406132,49126062,4126062
117,The Polar Express,170000000,187224605,311365187,498589792,328589792
3180,The Possession,14000000,49130588,82925064,132055652,118055652
4136,The Possession of Hannah Grace,6000000,14836174,42785387,57621561,51621561
1108,The Post,50000000,81903458,179748880,261652338,211652338
3400,The Postman Always Rings Twice,12000000,12200000,44200000,56400000,44400000
2280,The Powerpuff Girls,25000000,11411644,16425701,27837345,2837345
483,The Predator,88000000,51024708,159487563,210512271,122512271
1432,The Prestige,40000000,53089891,104407366,157497257,117497257
1937,The Prince & Me,30000000,28165882,29356757,57522639,27522639
856,The Prince of Egypt,60000000,101413188,218613188,320026376,260026376
1865,The Prince of Tides,30000000,74787599,74787599,149575198,119575198
3046,The Princess Bride,15000000,30857000,30859628,61716628,46716628
1850,The Princess Diaries,30000000,108244774,165334774,273579548,243579548
1260,The Princess Diaries 2: Royal Engagement,45000000,95149435,122071435,217220870,172220870
349,The Princess and the Frog,105000000,104400899,270997378,375398277,270398277
3326,The Prisoner of Zenda,12500000,7000000,7000000,14000000,1500000
4135,The Prodigy,6000000,14856291,19789712,34646003,28646003
1307,The Producers: The Movie Musical,45000000,19398532,32952995,52351527,7351527
1378,The Proposal,40000000,163958031,314709717,478667748,438667748
5759,The Puffy Chair,15000,194523,195254,389777,374777
1775,The Punisher,33000000,33664370,54533774,88198144,55198144
4666,The Purge,3000000,64473115,91266581,155739696,152739696
3770,The Purge: Anarchy,9000000,71562550,111534881,183097431,174097431
3541,The Purge: Election Year,10000000,79042440,118514727,197557167,187557167
986,The Pursuit of Happyness,55000000,162586036,307311093,469897129,414897129
3015,The Queen,15000000,56441711,128885873,185327584,170327584
1807,The Quick and the Dead,32000000,18552460,18552460,37104920,5104920
2631,The Quiet American,20000000,12987647,26348203,39335850,19335850
5441,The R.M.,500000,1111615,1111615,2223230,1723230
2474,The Rage: Carrie 2,21000000,17760244,17760244,35520488,14520488
2832,The Railway Man,18000000,4438438,23910210,28348648,10348648
1444,The Rainmaker,40000000,45916769,45916769,91833538,51833538
2144,The Raven,26000000,16008272,30601801,46610073,20610073
1785,The Reader,32500000,34194407,112964875,147159282,114659282
4513,The Real Cancun,4000000,3816594,3816594,7633188,3633188
1487,The Reaping,40000000,25126214,62226214,87352428,47352428
3732,The Reef,10000000,0,15037867,15037867,5037867
919,The Relic,60000000,33956608,33956608,67913216,7913216
3063,The Remains of the Day,15000000,22954968,63954968,86909936,71909936
1953,The Replacement Killers,30000000,19035741,19035741,38071482,8071482
1142,The Replacements,50000000,44737059,50054511,94791570,44791570
4925,The Resurrection of Gavin Stone,2000000,2303792,2303792,4607584,2607584
4492,The Return of the Living Dead,4000000,14237880,14237880,28475760,24475760
4264,The Return of the Pink Panther,5000000,41833347,41833347,83666694,78666694
226,The Revenant,135000000,183637894,532938302,716576196,581576196
2102,The Right Stuff,27000000,21500000,21500000,43000000,16000000
1214,The Ring,48000000,129094024,248218486,377312510,329312510
1112,The Ring Two,50000000,75941727,161941727,237883454,187883454
1599,The Rite,37000000,33047633,97143987,130191620,93191620
1288,The River Wild,45000000,46815000,94215000,141030000,96030000
2293,The Road,25000000,8114270,29206732,37321002,12321002
420,The Road to El Dorado,95000000,50802661,65700000,116502661,21502661
4266,The Robe,5000000,36000000,36008303,72008303,67008303
637,The Rock,75000000,134069511,336069511,470139022,395139022
3115,The Rocker,15000000,6409528,8767338,15176866,176866
5169,The Rocky Horror Picture Show,1200000,1414845,1615976,3030821,1830821
2408,The Rookie,22000000,75600072,80491516,156091588,134091588
2938,The Roommate,16000000,37300107,52545707,89845814,73845814
3836,The Rose,8500000,29200000,29200000,58400000,49900000
2050,The Royal Tenenbaums,28000000,52353636,71430876,123784512,95784512
2036,The Rugrats Movie,28000000,100494685,140894685,241389370,213389370
2256,The Ruins,25000000,17432844,22910563,40343407,15343407
4508,The Rules of Attraction,4000000,6525762,11799060,18324822,14324822
512,The Rundown,85000000,47641743,80831893,128473636,43473636
1920,The Running Man,30000000,38122000,38122000,76244000,46244000
467,The Saint,90000000,61363304,169400000,230763304,140763304
2406,The Santa Clause,22000000,144833357,189800000,334633357,312633357
778,The Santa Clause 2,65000000,139225854,172825854,312051708,247051708
3802,The Sapphires,9000000,2450867,20395040,22845907,13845907
3792,The Savages,9000000,6623082,10642023,17265105,8265105
755,The Score,68000000,71069884,113542091,184611975,116611975
861,The Scorpion King,60000000,90580000,165890634,256470634,196470634
3572,The Second Best Exotic Marigold Hotel,10000000,33078266,90384306,123462572,113462572
3479,The Secret Life of Bees,11000000,37780486,39994347,77774833,66774833
625,The Secret Life of Pets,75000000,368384330,886750534,1255134864,1180134864
580,The Secret Life of Pets 2,80000000,63795655,113351496,177147151,97147151
436,The Secret Life of Walter Mitty,91000000,58236838,187861183,246098021,155098021
5248,The Secrets of Jonathan Sperry,1000000,1355079,1355079,2710158,1710158
916,The Sentinel,60000000,36280697,78080697,114361394,54361394
5232,The Sessions,1000000,6002451,11495204,17497655,16497655
1470,The Shadow,40000000,31835600,31835600,63671200,23671200
881,The Shaggy Dog,60000000,61123569,87123569,148247138,88247138
3253,The Shallows,13000000,55121623,118763442,173885065,160885065
2718,The Shape of Water,19500000,63859435,195790794,259650229,240150229
2236,The Shawshank Redemption,25000000,28241469,28307092,56548561,31548561
2732,The Shining,19000000,44017374,44728227,88745601,69745601
1726,The Shipping News,35000000,11405825,24405825,35811650,811650
726,The Siege,70000000,40934175,116625798,157559973,87559973
2495,The Silence of the Lambs,20000000,130726716,275726716,406453432,386453432
679,The Simpsons Movie,72500000,183135014,527071022,710206036,637706036
5437,The Singles Ward,500000,1250798,1250798,2501596,2001596
2212,The Sisterhood of the Traveling Pants,25000000,39053061,41560117,80613178,55613178
2096,The Sisterhood of the Traveling Pants 2,27000000,44089964,44270131,88360095,61360095
2231,The Sitter,25000000,30542576,38749404,69291980,44291980
1374,The Sixth Sense,40000000,293506292,672806292,966312584,926312584
1441,The Skeleton Key,40000000,47907715,92256918,140164633,100164633
5235,The Skeleton Twins,1000000,5284309,5797192,11081501,10081501
3036,The Skulls,15000000,35007180,35007180,70014360,55014360
319,The Smurfs,110000000,142614158,563749323,706363481,596363481
332,The Smurfs 2,110000000,71017784,348547523,419565307,309565307
1739,The Snowman,35000000,6670765,43226146,49896911,14896911
1390,The Social Network,40000000,96962694,224922135,321884829,281884829
924,The Soloist,60000000,31853584,38522450,70376034,10376034
143,The Sorcerer's Apprentice,160000000,63150991,217986320,281137311,121137311
3859,The Sound of Music,8200000,163214286,286214286,449428572,441228572
3634,The Spanish Prisoner,10000000,10162034,13835130,23997164,13997164
1279,The Specialist,45000000,57362581,57362581,114725162,69725162
4821,The Spectacular Now,2500000,6852971,6916951,13769922,11269922
431,The Spiderwick Chronicles,92500000,71195053,162839667,234034720,141534720
673,The SpongeBob Movie: Sponge Out of Water,74000000,162994032,311013181,474007213,400007213
2067,The Spy Next Door,28000000,24307106,46752858,71059964,43059964
3182,The Spy Who Loved Me,14000000,46800000,185400000,232200000,218200000
5071,The Squid and the Whale,1500000,7372734,11191423,18564157,17064157
2538,The Star,20000000,40847995,62758010,103606005,83606005
5433,The Station Agent,500000,5801558,9470209,15271767,14771767
2569,The Stepfather,20000000,29062561,29227561,58290122,38290122
386,The Stepford Wives,100000000,59475623,96221971,155697594,55697594
5612,The Stewardesses,200000,13500000,25000000,38500000,38300000
4213,The Sting,5500000,159616327,159616327,319232654,313732654
1166,The Story of Us,50000000,27100030,27100030,54200060,4200060
3654,The Straight Story,10000000,6197866,6197866,12395732,2395732
3772,The Strangers,9000000,52597610,83051676,135649286,126649286
4278,The Strangers: Prey at Night,5000000,24431472,29960051,54391523,49391523
753,The Sum of All Fears,68000000,118471320,193500000,311971320,243971320
3795,The Sun is Also a Star,9000000,4950029,5434029,10384058,1384058
4452,The Sweeney,4500000,26345,8000366,8026711,3526711
4340,The Sweet Hereafter,5000000,4306697,7951247,12257944,7257944
1338,The Sweetest Thing,43000000,24430272,63078756,87509028,44509028
2738,The Switch,19000000,27758465,49858465,77616930,58616930
2816,The Tailor of Panama,18000000,13491653,27491653,40983306,22983306
334,The Taking of Pelham 123,110000000,65452312,152364370,217816682,107816682
892,The Tale of Despereaux,60000000,50877145,90482317,141359462,81359462
1404,The Talented Mr. Ripley,40000000,81292135,128792135,210084270,170084270
645,The Terminal,75000000,77073959,218673959,295747918,220747918
4104,The Terminator,6400000,38019031,78019031,116038062,109638062
5747,The Terrorist,25000,195043,195043,390086,365086
3768,The Texas Chainsaw Massacre,9000000,80571655,107967319,188538974,179538974
4410,The Texas Chainsaw Massacre 2,4700000,8025872,8025872,16051744,11351744
2936,The Texas Chainsaw Massacre: The Beginning,16000000,39517763,50517763,90035526,74035526
3034,The Theory of Everything,15000000,35893537,123327692,159221229,144221229
1072,The Thin Red Line,52000000,36400491,97709034,134109525,82109525
1576,The Thing,38000000,16999934,27573078,44573012,6573012
2960,The Thirteenth Floor,16000000,11810854,11810854,23621708,7621708
1218,The Thomas Crown Affair,48000000,69304264,124304264,193608528,145608528
476,The Three Musketeers,90000000,20377913,139877913,160255826,70255826
1903,The Three Stooges,30000000,44338224,54052249,98390473,68390473
2532,The Tigger Movie,20000000,45542421,96147688,141690109,121690109
582,The Time Machine,80000000,56684819,98983590,155668409,75668409
1544,The Time Traveler's Wife,39000000,63414846,102332135,165746981,126746981
5076,The To Do List,1500000,3491669,4128828,7620497,6120497
384,The Tourist,100000000,67631157,278731369,346362526,246362526
1591,The Town,37000000,92186262,152566881,244753143,207753143
4199,The Train,5800000,6800000,6800000,13600000,7800000
2469,The Transporter,21000000,25296447,43928932,69225379,48225379
1799,The Transporter 2,32000000,43095856,88978458,132074314,100074314
2433,The Transporter Refueled,22000000,16029670,69698495,85728165,63728165
1723,The Tree of Life,35000000,13305665,61721826,75027491,40027491
5162,The Trouble with Harry,1200000,7000000,7000000,14000000,12800000
848,The Truman Show,60000000,125618201,264118201,389736402,329736402
895,The Tuxedo,60000000,50586000,104429625,155015625,95015625
256,"The Twilight Saga: Breaking Dawn, Part 1",127500000,281287133,689420051,970707184,843207184
224,"The Twilight Saga: Breaking Dawn, Part 2",136200000,292324737,829724737,1122049474,985849474
752,The Twilight Saga: Eclipse,68000000,300531751,706102828,1006634579,938634579
1081,The Twilight Saga: New Moon,50000000,296623634,687557727,984181361,934181361
1555,The Ugly Truth,38000000,88915214,205298907,294214121,256214121
2934,The Unborn,16000000,42670410,78208812,120879222,104879222
2179,The Untouchables,25000000,76270454,76270454,152540908,127540908
1584,The Upside,37500000,108235497,119024536,227260033,189760033
3388,The Upside of Anger,12000000,18761993,28915761,47677754,35677754
4127,The Usual Suspects,6000000,23341568,34449356,57790924,51790924
4874,The Valley of Decision,2160000,9132000,9132000,18264000,16104000
3302,The Vatican Tapes,13000000,1784763,14929184,16713947,3713947
2930,The Verdict,16000000,53977250,53977250,107954500,91954500
689,The Village,71682975,114197520,257641634,371839154,300156179
4154,The Virgin Suicides,6000000,4859475,10619770,15479245,9479245
4255,The Visit,5000000,65206105,98677816,163883921,158883921
4501,The Visitor,4000000,9427026,19174817,28601843,24601843
1841,The Vow,30000000,125014030,197618160,322632190,292632190
1732,The Walk,35000000,10161183,61492104,71653287,36653287
4728,The Wall,3000000,1803064,4495262,6298326,3298326
4499,The Wash,4000000,10097096,10097096,20194192,16194192
1026,The Watch,55000000,34353000,67130045,101483045,46483045
1776,The Watcher,33000000,28946615,47267829,76214444,43214444
2403,The Water Diviner,22500000,4200117,31054727,35254844,12754844
1452,The Water Horse: Legend of the Deep,40000000,40412817,103429755,143842572,103842572
2368,The Waterboy,23000000,161491646,190191646,351683292,328683292
4282,The Way Way Back,5000000,21502690,26853810,48356500,43356500
3794,The Way of the Gun,9000000,6047856,13061935,19109791,10109791
2634,The Weather Man,20000000,12482775,15466961,27949736,7949736
3045,The Wedding Date,15000000,31726995,47175038,78902033,63902033
2046,The Wedding Planner,28000000,60400856,94728529,155129385,127129385
2372,The Wedding Ringer,23000000,64460211,80171596,144631807,121631807
2337,The Whole Nine Yards,24000000,57262492,85527867,142790359,118790359
1964,The Whole Ten Yards,30000000,16323969,26323969,42647938,12647938
591,The Wild,80000000,37384046,99010667,136394713,56394713
2210,The Wild Thornberrys Movie,25000000,40108697,60694737,100803434,75803434
3855,The Wind That Shakes the Barley,8300000,1829142,25670174,27499316,19199316
4593,The Witch,3500000,25138705,40454520,65593225,62093225
2353,The Wiz,24000000,22000000,22000000,44000000,20000000
4788,The Wizard of Oz,2777000,34063405,34305476,68368881,65591881
375,The Wolf of Wall Street,100000000,116900694,389870414,506771108,406771108
190,The Wolfman,150000000,62189884,142634358,204824242,54824242
307,The Wolverine,115000000,132556852,416456852,549013704,434013704
5658,The Woman Chaser,150000,110719,110719,221438,71438
3017,The Woman in Black,15000000,54333290,128955898,183289188,168289188
2944,The Women,16000000,26902075,50103808,77005883,61005883
4126,The Wood,6000000,25059640,25059640,50119280,44119280
4145,The Words,6000000,11494838,16369708,27864546,21864546
227,The World is Not Enough,135000000,126930660,361730660,488661320,353661320
2575,The World's End,20000000,26004851,47508505,73513356,53513356
4123,The Wrestler,6000000,26238243,46634275,72872518,66872518
5168,The Wrong Man,1200000,2000000,2000000,4000000,2800000
768,The X Files: Fight the Future,66000000,83898313,189176423,273074736,207074736
1708,The X-Files: I Want to Believe,35000000,20982478,68170792,89153270,54153270
1727,The Young Victoria,35000000,11001272,31878891,42880163,7880163
2606,The Zookeeperâs Wife,20000000,17445186,26308749,43753935,23753935
2209,There Will Be Blood,25000000,40222514,77208711,117431225,92431225
2405,There's Something About Mary,22000000,176484651,369884651,546369302,524369302
4493,They Live,4000000,13000000,13000774,26000774,22000774
3344,Think Like a Man,12000000,91547205,113373764,204920969,192920969
2335,Think Like a Man Too,24000000,65028687,70027933,135056620,111056620
3199,Thinner,14000000,15171475,15171475,30342950,16342950
4914,Thirteen,2000000,4601043,9505996,14107039,12107039
4719,Thirteen Conversations About One Thing,3000000,3287435,3705923,6993358,3993358
593,Thirteen Days,80000000,34566746,66554547,101121293,21121293
2733,Thirteen Ghosts,19000000,41867960,68467960,110335920,91335920
3256,This Christmas,13000000,49121934,49733545,98855479,85855479
797,This Means War,65000000,54760791,156974557,211735348,146735348
1644,This is 40,35000000,67544505,90221182,157765687,122765687
4857,This is England,2380000,327919,8739576,9067495,6687495
2556,This is Where I Leave You,20000000,34296320,41296320,75592640,55592640
1790,This is the End,32000000,101470202,126539117,228009319,196009319
2742,Thomas and the Magic Railroad,19000000,15911332,15911332,31822664,12822664
169,Thor,150000000,181030624,449326618,630357242,480357242
81,Thor: Ragnarok,180000000,315058289,846980024,1162038313,982038313
165,Thor: The Dark World,150000000,206362140,644602516,850964656,700964656
4346,Thoroughbreds,5000000,3072605,3187302,6259907,1259907
4853,Thr3e,2400000,1008849,1420418,2429267,29267
3358,"Three Billboards Outside Ebbing, Missouri",12000000,54513740,160191915,214705655,202705655
2708,Three Kingdoms: Resurrection of the Dragon,20000000,0,22139590,22139590,2139590
1221,Three Kings,48000000,60652036,107752036,168404072,120404072
2642,Three to Tango,20000000,10570375,10570375,21140750,1140750
1767,Thunder and the House of Magic,34000000,4091,62582520,62586611,28586611
3771,Thunderball,9000000,63600000,141200000,204800000,195800000
819,Tian jiang xiong shi,65000000,74070,122519874,122593944,57593944
3365,Time Bandits,12000000,37400000,37400000,74800000,62800000
5354,Time Changer,825000,1500711,1500711,3001422,2176422
2055,Timecop,28000000,44853581,102053581,146907162,118907162
1281,Tin Cup,45000000,53854588,75854588,129709176,84709176
2471,Tinker Tailor Soldier Spy,21000000,24149393,81452811,105602204,84602204
5717,Tiny Furniture,50000,391674,424149,815823,765823
42,Titanic,200000000,659363944,2208208395,2867572339,2667572339
2589,To Die For,20000000,21284514,27688744,48973258,28973258
4895,To Kill A Mockingbird,2000000,13129846,13129846,26259692,24259692
2457,To Rome with Love,21500000,16684352,74326015,91010367,69510367
5434,To Save a Life,500000,3777210,3824868,7602078,7102078
5212,Tom Jones,1000000,37600000,37600000,75200000,74200000
4203,Tom yum goong,5700000,12044087,43044087,55088174,49388174
469,Tomb Raider,90000000,58250803,273477501,331728304,241728304
2187,Tombstone,25000000,56505065,56505065,113010130,88010130
3492,Tomcats,11000000,13558739,13558739,27117478,16117478
323,Tomorrow Never Dies,110000000,125304276,339504276,464808552,354808552
122,Tomorrowland,170000000,93436322,206627518,300063840,130063840
1222,Tooth Fairy,48000000,60022256,112610386,172632642,124632642
2994,Tootsie,15000000,177200000,177200000,354400000,339400000
3379,Top Five,12000000,25317379,26001741,51319120,39319120
2993,Top Gun,15000000,179800601,356799634,536600235,521600235
5405,Top Hat,609000,1782000,3202000,4984000,4375000
4509,Topaz,4000000,6000000,6000000,12000000,8000000
2233,"Tora, Tora, Tora",25000000,29548291,29548291,59096582,34096582
4687,Torn Curtain,3000000,13000000,13000000,26000000,23000000
1494,Torque,40000000,21176322,46176322,67352644,27352644
278,Total Recall,125000000,58877969,211856088,270734057,145734057
4915,Touching the Void,2000000,4593598,15396525,19990123,17990123
504,Tower Heist,85000000,78046570,150422946,228469516,143469516
3174,Towering Inferno,14000000,116000000,139700000,255700000,241700000
1836,Toy Story,30000000,191796233,364545516,556341749,526341749
439,Toy Story 2,90000000,245852179,511358276,757210455,667210455
46,Toy Story 3,200000000,415004880,1068879522,1483884402,1283884402
1215,Traffic,48000000,124107476,208300000,332407476,284407476
1266,Training Day,45000000,76261036,104505362,180766398,135766398
4661,Trainspotting,3100000,16501785,71558971,88060756,84960756
1635,Trainwreck,35000000,110212700,141123897,251336597,216336597
2424,Traitor,22000000,23530831,27882226,51413057,29413057
2970,Trance,16000000,2322593,22594052,24916645,8916645
5225,Transamerica,1000000,9015303,16553163,25568466,24568466
401,Transcendence,100000000,23022309,103039258,126061567,26061567
153,Transformers,151000000,319246193,708272592,1027518785,876518785
36,Transformers: Age of Extinction,210000000,245439076,1104039076,1349478152,1139478152
63,Transformers: Dark of the Moon,195000000,352390543,1123790543,1476181086,1281181086
35,Transformers: Revenge of the Fallen,210000000,402111870,836519699,1238631569,1028631569
32,Transformers: The Last Knight,217000000,130168683,602893340,733062023,516062023
1471,Transporter 3,40000000,31715062,107235592,138950654,98950654
4491,Trapeze,4000000,14400000,14400000,28800000,24800000
5026,Travellers and Magicians,1800000,506793,1322161,1828954,28954
396,Treasure Planet,100000000,38120554,91800000,129920554,29920554
5133,Trees Lounge,1300000,749741,749741,1499482,199482
5526,Trekkies,375000,617172,617172,1234344,859344
3612,Tremors,10000000,16667084,16667084,33334168,23334168
2632,Triple 9,20000000,12639297,25943792,38583089,18583089
4695,Trippinâ,3000000,9017070,9017070,18034140,15034140
5619,Trois,200000,1161843,1161843,2323686,2123686
4616,Trolljegeren,3500000,253444,5706638,5960082,2460082
272,Trolls,125000000,153707064,344150134,497857198,372857198
2888,Tron,17000000,26918576,26918576,53837152,36837152
57,Tron: Legacy,200000000,172062763,400062763,572125526,372125526
4082,Tropa de Elite,6537890,8744,14319195,14327939,7790049
449,Tropic Thunder,90000000,110515313,191145256,301660569,211660569
917,Trouble with the Curve,60000000,35763137,47818913,83582050,23582050
181,Troy,150000000,133298577,484161265,617459842,467459842
1628,True Grit,35000000,171243005,252276928,423519933,388519933
370,True Lies,100000000,146282411,365300000,511582411,411582411
3321,True Romance,12500000,12281000,12309980,24590980,12090980
4590,Truth or Dare,3500000,41411015,95127344,136538359,133038359
4723,Tsotsi,3000000,2912606,11537539,14450145,11450145
3071,Tuck Everlasting,15000000,19161999,19344615,38506614,23506614
4368,Tucker & Dale vs. Evil,5000000,223838,5476793,5700631,700631
5539,Tumbleweeds,312000,1350248,1788168,3138416,2826416
5540,Tupac Resurrection,300000,7718961,7808524,15527485,15227485
230,Turbo,135000000,83028130,286896578,369924708,234924708
3648,Turistas,10000000,7027762,14321070,21348832,11348832
4727,Tusk,3000000,1821983,1887554,3709537,709537
2619,Twilight,20000000,15055091,15055091,30110182,10110182
3585,Twilight Zone: The Movie,10000000,29500000,29500000,59000000,49000000
5442,Twin Falls Idaho,500000,985341,1027228,2012569,1512569
2999,Twins,15000000,111936388,216600000,328536388,313536388
1173,Twisted,50000000,25195050,40119848,65314898,15314898
481,Twister,88000000,241688385,495700000,737388385,649388385
688,Two Brothers,72000000,19176754,62176754,81353508,9353508
3273,Two Can Play That Game,13000000,22235901,22391450,44627351,31627351
5245,Two Girls and a Guy,1000000,2057193,2315026,4372219,3372219
3421,Two Lovers,12000000,3149034,16349034,19498068,7498068
859,Two Weeks Notice,60000000,93354918,199043309,292398227,232398227
2192,Tyler Perry's A Madea Christmas,25000000,52543354,52543354,105086708,80086708
3185,Tyler Perry's Good Deeds,14000000,35025791,35579177,70604968,56604968
2513,Tyler Perry's Madea's Witness Protection,20000000,65653242,66950887,132604129,112604129
2530,Tyler Perryâs Boo 2! A Madea Halloween,20000000,47319572,47879572,95199144,75199144
2508,Tyler Perryâs Boo! A Madea Halloween,20000000,73206343,73206343,146412686,126412686
830,U-571,62000000,77086030,127630030,204716060,142716060
3087,U2 3D,15000000,12898847,26170402,39069249,24069249
4329,UHF,5000000,6157157,6157157,12314314,7314314
4791,Ulee's Gold,2700000,9054736,15600000,24654736,21954736
1955,Ultraviolet,30000000,18522064,30962112,49484176,19484176
3300,Un ProphÃ¨te,13000000,2087720,19910624,21998344,8998344
1044,Un long dimanche de fianÃ§ailles,55000000,6167817,69759296,75927113,20927113
2258,Unaccompanied Minors,25000000,16655224,21970831,38626055,13626055
674,Unbreakable,73243106,94999143,248099143,343098286,269855180
781,Unbroken,65000000,115637895,163527824,279165719,214165719
2784,Uncle Drew,18000000,42469946,46527161,88997107,70997107
897,Under Siege 2: Dark Territory,60000000,50024083,104324083,154348166,94348166
2598,Under the Rainbow,20000000,18826490,18826490,37652980,17652980
2783,Under the Tuscan Sun,18000000,43601508,57490024,101091532,83091532
2213,Undercover Brother,25000000,38230435,40796145,79026580,54026580
2414,Underworld,22000000,51970690,95708457,147679147,125679147
1664,Underworld 3: Rise of the Lycans,35000000,45802315,89102315,134904630,99904630
718,Underworld: Awakening,70000000,62321039,160379930,222700969,152700969
1690,Underworld: Blood Wars,35000000,30353973,81209222,111563195,76563195
1275,Underworld: Evolution,45000000,62318875,113417762,175736637,130736637
2635,Undisputed,20000000,12398628,12398628,24797256,4797256
1130,Unfaithful,50000000,52752475,119114494,171866969,121866969
3403,Unforgettable,12000000,11368012,16221211,27589223,15589223
3169,Unforgiven,14400000,101157447,159157447,260314894,245914894
5213,Unfriended,1000000,32789645,64364198,97153843,96153843
5228,Unfriended: Dark Web,1000000,8866745,16434588,25301333,24301333
2790,United 93,18000000,31567134,77635035,109202169,91202169
1420,Unknown,40000000,63686397,136123083,199809480,159809480
4132,Unplanned,6000000,18107621,18107621,36215242,30215242
5069,Unsane,1500000,7690044,14244931,21934975,20434975
418,Unstoppable,95000000,81562942,165720921,247283863,152283863
1693,Untraceable,35000000,28687835,52649951,81337786,46337786
100,Up,175000000,293004164,731463377,1024467541,849467541
891,Up Close & Personal,60000000,51045801,100645801,151691602,91691602
1859,Up in the Air,30000000,83823381,166842739,250666120,220666120
4688,Upgrade,3000000,11977130,16553285,28530415,25530415
3183,Urban Legend,14000000,38116707,72571864,110688571,96688571
3065,Urban Legends: Final Cut,15000000,21468807,38574362,60043169,45043169
5610,Urbania,225000,1032075,1032075,2064150,1839150
2487,Us,20000000,175006930,254210310,429217240,409217240
1117,V for Vendetta,50000000,70511035,130214162,200725197,150725197
1827,Vacation,31000000,58884188,102306500,161190688,130190688
3602,Valentine,10000000,20384136,20384136,40768272,30768272
1069,Valentine's Day,52000000,110485654,217569328,328054982,276054982
89,Valerian and the City of a Thousand Planets,180000000,40479370,215098356,255577726,75577726
1711,Valiant,35000000,19478106,64188387,83666493,48666493
457,Valkyrie,90000000,83107829,203932174,287040003,197040003
3195,Vampire in Brooklyn,14000000,19637147,19637147,39274294,25274294
2591,Vampires,20000000,20268825,20268825,40537650,20537650
2548,Vampires Suck,20000000,36661504,81424988,118086492,98086492
120,Van Helsing,170000000,120150546,300150546,420301092,250301092
706,Vanilla Sky,70000000,100614858,202726605,303341463,233341463
2384,Vanity Fair,23000000,16123851,19123851,35247702,12247702
1410,Vantage Point,40000000,72266306,150886329,223152635,183152635
2931,Varsity Blues,16000000,52894169,54294169,107188338,91188338
4036,Veer-Zaara,7000000,2938532,7017859,9956391,2956391
4161,Venus,6000000,3347411,7818479,11165890,5165890
3502,Vera Drake,11000000,3753806,13353855,17107661,6107661
4162,Veronica Mars,6000000,3322127,3485383,6807510,807510
648,Vertical Limit,75000000,68473360,213500000,281973360,206973360
3636,Very Bad Things,10000000,9949470,21094974,31044444,21044444
899,Vice,60000000,47836282,70883171,118719453,58719453
2946,Vicky Cristina Barcelona,16000000,23216709,104504817,127721526,111721526
2472,Victoria and Abdul,21000000,22245070,68271146,90516216,69516216
1942,Virtuosity,30000000,23998226,23998226,47996452,17996452
5253,Visages villages,1000000,952432,4015686,4968118,3968118
2153,Viy,26000000,0,34246770,34246770,8246770
472,Volcano,90000000,47546796,120100000,167646796,77646796
3760,Volver,9400000,12899867,87226613,100126480,90726480
2158,W.,25100000,25534493,28575778,54110271,29010271
85,WALL-E,180000000,223808164,532508025,756316189,576316189
3024,Wag the Dog,15000000,43057470,64252038,107309508,92309508
4515,Waiting for Guffman,4000000,2922988,2922988,5845976,1845976
5190,Waiting...,1125000,16124543,18673274,34797817,33672817
5065,Waitress,1500000,19097550,22217183,41314733,39814733
4672,Waking Ned Devine,3000000,24793251,55193251,79986502,76986502
1714,Walk Hard: The Dewey Cox Story,35000000,18317151,20606053,38923204,3923204
2014,Walk the Line,29000000,119519402,187707495,307226897,278226897
979,Walking Tall,56000000,46213824,47313824,93527648,37527648
5249,Walking and Talking,1000000,1287480,1615787,2903267,1903267
592,Walking with Dinosaurs,80000000,36076121,123368842,159444963,79444963
2919,Wall Street,16500000,43848100,43848100,87696200,71196200
723,Wall Street 2: Money Never Sleeps,70000000,52474616,137431619,189906235,119906235
1884,Wallace & Gromit: The Curse of the Were-Rabbit,30000000,56068547,197593152,253661699,223661699
4926,Waltz with Bashir,2000000,2283849,13912289,16196138,14196138
1787,Wanderlust,32500000,17288155,24159934,41448089,8948089
636,Wanted,75000000,134508551,342416460,476925011,401925011
2245,War,25000000,22486409,40686409,63172818,38172818
1144,War Dogs,50000000,43034523,86234503,129269026,79269026
711,War Horse,70000000,79883359,156815529,236698888,166698888
4665,War Room,3000000,67790117,73975239,141765356,138765356
4141,War and Peace,6000000,12500000,12524028,25024028,19024028
151,War for the Planet of the Apes,152000000,146880162,489592267,636472429,484472429
235,War of the Worlds,132000000,234280354,606836535,841116889,709116889
3349,WarGames,12000000,74433837,74433837,148867674,136867674
145,Warcraft,160000000,47225655,425522281,472747936,312747936
4024,Warlock,7000000,8824553,8824553,17649106,10649106
4716,Warlock: The Armageddon,3000000,3902679,3902679,7805358,4805358
1869,Warm Bodies,30000000,66380662,115121608,181502270,151502270
2273,Warrior,25000000,13657115,24215385,37872500,12872500
219,Watchmen,138000000,107509799,186976250,294486049,156486049
4707,Water,3000000,5529144,11322573,16851717,13851717
1562,Water for Elephants,38000000,58709717,116809717,175519434,137519434
109,Waterworld,175000000,88246220,264246220,352492440,177492440
2496,Wayne's World,20000000,121697323,183097323,304794646,284794646
801,We Are Marshall,65000000,43545364,43545364,87090728,22090728
4919,We Are Your Friends,2000000,3591417,10153415,13744832,11744832
1113,We Bought a Zoo,50000000,75624550,118729073,194353623,144353623
4042,We Need to Talk About Kevin,7000000,1738692,10765283,12503975,5503975
2065,We Own the Night,28000000,28563179,55307857,83871036,55871036
712,We Were Soldiers,70000000,78120196,114658262,192778458,122778458
2643,We're No Angels,20000000,10555348,10555348,21110696,1110696
1589,We're the Millers,37000000,150394119,267816276,418210395,381210395
1375,Wedding Crashers,40000000,209218368,283218368,492436736,452436736
5642,Weekend,190000,484592,1577585,2062177,1872177
2084,Welcome Home Roscoe Jenkins,27500000,42436517,43607627,86044144,58544144
3936,Welcome to Dongmakgol,8000000,0,48000000,48000000,40000000
2145,Welcome to Mooseport,26000000,14469428,14469428,28938856,2938856
5359,Welcome to the Dollhouse,800000,4198137,5034794,9232931,8432931
5544,Wendy and Lucy,300000,865695,1416046,2281741,1981741
5119,Werk ohne Autor,1400000,1303747,4331152,5634899,4234899
2895,Wes Craven Presents: They,17000000,12840842,16140842,28981684,11981684
3885,Wes Craven's New Nightmare,8000000,18090181,18090181,36180362,28180362
4119,West Side Story,6000000,43700000,43700000,87400000,81400000
4464,Whale Rider,4300000,20779666,39374600,60154266,55854266
583,What Dreams May Come,80000000,55485043,71485043,126970086,46970086
1639,What Happens in Vegas...,35000000,80277646,218535708,298813354,263813354
444,What Lies Beneath,90000000,155464351,288693989,444158340,354158340
2520,What Men Want,20000000,54611903,69911903,124523806,104523806
771,What Women Want,65000000,182805123,374105123,556910246,491910246
2218,What a Girl Wants,25000000,35990505,35990505,71981010,46981010
4496,What the #$'! Do We Know,4000000,10941801,10941801,21883602,17883602
1585,What to Expect When You're Expecting,37500000,41152203,88473016,129625219,92125219
3498,What's Eating Gilbert Grape,11000000,9170214,9170214,18340428,7340428
3030,What's Love Got to Do With It,15000000,39100956,39100956,78201912,63201912
2623,What's Your Number?,20000000,14011084,30163785,44174869,24174869
1930,What's the Worst That Could Happen?,30000000,32267774,38462071,70729845,40729845
3117,Whatever Works,15000000,5306706,35106706,40413412,25413412
3106,Whatever it Takes,15000000,8735529,8735529,17471058,2471058
2928,When Harry Met Sallyâ¦,16000000,92823546,92961960,185785506,169785506
5543,When The Cat's Away,300000,1652472,2525984,4178456,3878456
3021,When a Stranger Calls,15000000,47860214,67215435,115075649,100075649
3584,When the Bough Breaks,10000000,29747603,30768449,60516052,50516052
3049,When the Game Stands Tall,15000000,30127963,30138912,60266875,45266875
3041,Where the Heart Is,15000000,33771174,40862054,74633228,59633228
381,Where the Wild Things Are,100000000,77233467,99123656,176357123,76357123
3644,While We're Young,10000000,7582065,17503828,25085893,15085893
3085,Whip It,15000000,13077184,18889972,31967156,16967156
4642,Whiplash,3300000,13092006,38969037,52061043,48761043
4711,Whipped,3000000,4142507,4142507,8285014,5285014
1705,Whiskey Tango Foxtrot,35000000,23083334,25350747,48434081,13434081
1941,White Boy Rick,30000000,24004833,25947983,49952816,19952816
2510,White Chicks,20000000,69148997,111448997,180597994,160597994
3186,White Fang,14000000,34729091,34729091,69458182,55458182
189,White House Down,150000000,73103784,205440387,278544171,128544171
3548,White Noise,10000000,56094360,92094360,148188720,138188720
2951,White Oleander,16000000,16357770,21657770,38015540,22015540
695,Who Framed Roger Rabbit?,70000000,154112492,351500000,505612492,435612492
5247,Who Killed the Electric Car?,1000000,1678874,1849392,3528266,2528266
4030,Who's Your Caddy?,7000000,5694308,5694308,11388616,4388616
2515,Why Did I Get Married Too?,20000000,60095852,60831067,120926919,100926919
3016,Why Did I Get Married?,15000000,55204525,55934178,111138703,96138703
1561,Why Him?,38000000,60323786,117425156,177748942,139748942
1970,Wicker Park,30000000,13001257,21577076,34578333,4578333
1449,Widows,40000000,42402632,73866088,116268720,76268720
3032,Wild,15000000,37880356,52460543,90340899,75340899
845,Wild Hogs,60000000,168213584,253555383,421768967,361768967
2568,Wild Things,20000000,29795299,55576699,85371998,65371998
106,Wild Wild West,175000000,113805681,221229335,335035016,160035016
4715,Willy Wonka & the Chocolate Factory,3000000,4000000,4000000,8000000,5000000
1718,Wimbledon,35000000,16862585,41666476,58529061,23529061
2354,Win a Date with Tad Hamilton!,24000000,16980098,16980098,33960196,9960196
4594,Winchester,3500000,25091816,44378040,69469856,65969856
310,Windtalkers,115000000,40914068,77628265,118542333,3542333
2072,Winged Migration,28000000,11689053,39134983,50824036,22824036
1938,Winnie the Pooh,30000000,26692846,50145607,76838453,46838453
4200,Winter in Wartime,5800000,542860,9662214,10205074,4405074
4907,Winter's Bone,2000000,6531503,16131551,22663054,20663054
4160,Wish I Was Here,6000000,3591299,6591365,10182664,4182664
3396,Wish Upon,12000000,14301505,23477345,37778850,25778850
4904,Witchboard,2000000,7369373,7369373,14738746,12738746
1881,Without a Paddle,30000000,58156435,65121280,123277715,93277715
3964,Witless Protection,7500000,4151836,4151836,8303672,803672
3352,Witness,12000000,65532576,65532576,131065152,119065152
717,Wolf,70000000,65011757,131011757,196023514,126023514
5193,Wolf Creek,1100000,16186348,29005064,45191412,44091412
4704,Woman Thou Art Loosed,3000000,6879730,6879730,13759460,10759460
3480,Woman in Gold,11000000,33307793,58586407,91894200,80894200
3902,Woman on Top,8000000,5018450,10192613,15211063,7211063
2494,Wonder,20000000,132422809,304604712,437027521,417027521
1712,Wonder Boys,35000000,19389454,33422485,52811939,17811939
393,Wonder Park,100000000,45216793,115149422,160366215,60366215
154,Wonder Woman,150000000,412563408,821133378,1233696786,1083696786
3286,Woo,13000000,8064972,8064972,16129944,3129944
3280,Woodlawn,13000000,14394097,14403703,28797800,15797800
5407,Woodstock,600000,34505110,34505110,69010220,68410220
5435,Wordplay,500000,3121270,3177636,6298906,5798906
792,World Trade Center,65000000,70278893,163295654,233574547,168574547
68,World War Z,190000000,202359711,531514650,733874361,543874361
186,Wrath of the Titans,150000000,83670083,305270083,388940166,238940166
130,Wreck-It Ralph,165000000,189412677,496511521,685924198,520924198
3617,Wrong Turn,10000000,15417771,28649556,44067327,34067327
1996,Wu ji,30000000,669625,35869934,36539559,6539559
635,X-Men,75000000,157299717,296872367,454172084,379172084
265,X-Men 2,125000000,214949694,406875536,621825230,496825230
171,X-Men Origins: Wolverine,150000000,179883157,374825760,554708917,404708917
92,X-Men: Apocalypse,178000000,155442489,542537546,697980035,519980035
54,X-Men: Days of Future Past,200000000,233921534,747862775,981784309,781784309
141,X-Men: First Class,160000000,146408305,355408305,501816610,341816610
37,X-Men: The Last Stand,210000000,234362462,459260946,693623408,483623408
930,XXX: State of the Union,60000000,26873932,71073932,97947864,37947864
950,Xi You Ji zhi Sun Wu Kong San Da Bai Gu Jing,60000000,709982,194058503,194768485,134768485
4304,Y Tu MamÃ¡ TambiÃ©n,5000000,13649881,33649881,47299762,42299762
906,Year One,60000000,43337279,57604723,100942002,40942002
3853,Yeh Jawaani Hai Deewani,8300000,3827466,50827466,54654932,46354932
3362,Yentl,12000000,39012241,39012241,78024482,66024482
1100,Yes Man,50000000,97690976,225990976,323681952,273681952
1552,Yi dai zong shi,38600000,6594959,57987299,64582258,25982258
1619,Yip Man 3,36000000,2679437,157300954,159980391,123980391
561,Yogi Bear,80000000,100246011,204774690,305020701,225020701
2577,You Again,20000000,25702053,32838945,58540998,38540998
5160,You Can Count on Me,1200000,9180275,10827356,20007631,18807631
5049,You Can't Take It With You,1644000,4000000,4000000,8000000,6356000
452,You Don't Mess With the Zohan,90000000,100018837,202910991,302929828,212929828
3870,You Got Served,8000000,40066497,50811858,90878355,82878355
4518,You Kill Me,4000000,2426851,3858964,6285815,2285815
3753,You Only Live Twice,9500000,43100000,111600000,154700000,145200000
3126,You Will Meet a Tall Dark Stranger,15000000,3247816,34247816,37495632,22495632
5216,You're Next,1000000,18494006,26887177,45381183,44381183
780,You've Got Mail,65000000,115821495,250800000,366621495,301621495
1050,"You, Me and Dupree",54000000,75802010,130402010,206204020,152204020
3393,Young Adult,12000000,16311571,22750356,39061927,27061927
4783,Young Frankenstein,2800000,86300000,86300000,172600000,169800000
3259,Young Guns,13000000,44726644,44726644,89453288,76453288
2804,Young Sherlock Holmes,18000000,19739000,19739000,39478000,21478000
5672,Your Sister's Sister,120000,1597486,3090593,4688079,4568079
1282,"Yours, Mine and Ours",45000000,53359917,72359917,125719834,80719834
3298,Youth,13000000,2703296,24001573,26704869,13704869
2812,Youth in Revolt,18000000,15285588,19685588,34971176,16971176
2594,Yu-Gi-Oh,20000000,19762690,28762690,48525380,28525380
2347,Zack and Miri Make a Porno,24000000,31457946,36856306,68314252,44314252
2707,Zambezia,20000000,0,34454336,34454336,14454336
809,Zathura,65000000,28045540,58545540,86591080,21591080
1065,Zero Dark Thirty,52500000,95720716,134612435,230333151,177833151
980,Zhuo yao ji,56000000,32766,359495591,359528357,303528357
520,Zodiac,85000000,33080084,83080084,116160168,31160168
2366,Zombieland,23600000,75590286,102236596,177826882,154226882
570,Zookeeper,80000000,80360866,170805525,251166391,171166391
2054,Zoolander,28000000,45172250,60780981,105953231,77953231
1163,Zoolander 2,50000000,28848693,55348693,84197386,34197386
156,Zootopia,150000000,341268248,1019429616,1360697864,1210697864
2447,Zwartboek,22000000,4398532,27238354,31636886,9636886
4881,[Rec],2100000,0,23266821,23266821,21166821
4212,[Rec] 2,5600000,27766,18527766,18555532,12955532
3277,crazy/beautiful,13000000,16929123,19929123,36858246,23858246
1958,mother!,30000000,17800004,42531076,60331080,30331080
697,xXx,70000000,141930000,267200000,409130000,339130000
514,xXx: Return of Xander Cage,85000000,44898413,345033359,389931772,304931772
2701,é·æ±ä¸è (CJ7),20000000,206678,47300771,47507449,27507449
